Z checks
1111111100000000000000000000000000000000000000000000000000000000000000000000000000000000000000000000000000000000
0000000011111111000000000000000000000000000000000000000000000000000000000000000000000000000000000000000000000000
0000000000000000111111110000000000000000000000000000000000000000000000000000000000000000000000000000000000000000
0000000000000000000000001111111100000000000000000000000000000000000000000000000000000000000000000000000000000000
0000000000000000000000000000000011111111000000000000000000000000000000000000000000000000000000000000000000000000
0000000000000000000000000000000000000000111111110000000000000000000000000000000000000000000000000000000000000000
0000000000000000000000000000000000000000000000001111111100000000000000000000000000000000000000000000000000000000
0000000000000000000000000000000000000000000000000000000011111111000000000000000000000000000000000000000000000000
0000000000000000000000000000000000000000000000000000000000000000111111110000000000000000000000000000000000000000
0000000000000000000000000000000000000000000000000000000000000000000000001111111100000000000000000000000000000000
0000000000000000000000000000000000000000000000000000000000000000000000000000000011111111000000000000000000000000
0000000000000000000000000000000000000000000000000000000000000000000000000000000000000000111111110000000000000000
0000000000000000000000000000000000000000000000000000000000000000000000000000000000000000000000001111111100000000
0000000000000000000000000000000000000000000000000000000000000000000000000000000000000000000000000000000011111111
0100110101001101010011010100110101001101010011010100110100000000000000000000000000000000000000000000000000000000
0010101100101011001010110010101100101011001010110010101100000000000000000000000000000000000000000000000000000000
0001011100010111000101110001011100010111000101110001011100000000000000000000000000000000000000000000000000000000
0000000000000000000000000000000000000000000000000000000001001101010011010100110101001101010011010100110101001101
0000000000000000000000000000000000000000000000000000000000101011001010110010101100101011001010110010101100101011
0000000000000000000000000000000000000000000000000000000000010111000101110001011100010111000101110001011100010111
0000000001111110111010001110010010001000110101001010000000000000011111101110100011100100100010001101010010100000
1011111011011000110001100100100001100110101111100011000010111110110110001100011001001000011001101011111000110000
0011011011011110010000100110000001110100011010100000000000110110110111100100001001100000011101000110101000000000
1111101001001110001111000110011010110100110101000000000011111010010011100011110001100110101101001101010000000000
0010001000010010101111101101001001001110111011101100000000100010000100101011111011010010010011101110111011000000
1010000000000000100111000010001000011000001000101111000010100000000000001001110000100010000110000010001011110000
1010000010111000100101100000110000110000010010001010000010100000101110001001011000001100001100000100100010100000
1001101010011010111100001111101011010100101101000011000010011010100110101111000011111010110101001011010000110000
0110110011100010001101101000100010000010011001100000000001101100111000100011011010001000100000100110011000000000
1011010000111100000110001110111000000000100100000110000010110100001111000001100011101110000000001001000001100000
1010110001010110101101000011110011111100111001000011000010101100010101101011010000111100111111001110010000110000
0001100011010100111011101011100001001000110000001010000000011000110101001110111010111000010010001100000010100000
0100001010100110100010000011011001100110000001100110000001000010101001101000100000110110011001100000011001100000
1010110011000110010001000110000001110010010011101100000010101100110001100100010001100000011100100100111011000000
0011110011110000111000101001011001011010010100000000000000111100111100001110001010010110010110100101000000000000
1110010010110010010000100010001001110010011011001100000011100100101100100100001000100010011100100110110011000000

observable
1101100011111100010000100000000000000000000000000000000000000000000000000000000000000000000000000000000000000000

X checks
1111111100000000000000000000000000000000000000000000000000000000000000000000000000000000000000000000000000000000
0000000011111111000000000000000000000000000000000000000000000000000000000000000000000000000000000000000000000000
0000000000000000111111110000000000000000000000000000000000000000000000000000000000000000000000000000000000000000
0000000000000000000000001111111100000000000000000000000000000000000000000000000000000000000000000000000000000000
0000000000000000000000000000000011111111000000000000000000000000000000000000000000000000000000000000000000000000
0000000000000000000000000000000000000000111111110000000000000000000000000000000000000000000000000000000000000000
0000000000000000000000000000000000000000000000001111111100000000000000000000000000000000000000000000000000000000
0000000000000000000000000000000000000000000000000000000011111111000000000000000000000000000000000000000000000000
0000000000000000000000000000000000000000000000000000000000000000111111110000000000000000000000000000000000000000
0000000000000000000000000000000000000000000000000000000000000000000000001111111100000000000000000000000000000000
0000000000000000000000000000000000000000000000000000000000000000000000000000000011111111000000000000000000000000
0000000000000000000000000000000000000000000000000000000000000000000000000000000000000000111111110000000000000000
0000000000000000000000000000000000000000000000000000000000000000000000000000000000000000000000001111111100000000
0000000000000000000000000000000000000000000000000000000000000000000000000000000000000000000000000000000011111111
1011001010110010101100101011001010110010101100101011001000000000000000000000000000000000000000000000000000000000
1101010011010100110101001101010011010100110101001101010000000000000000000000000000000000000000000000000000000000
1110100011101000111010001110100011101000111010001110100000000000000000000000000000000000000000000000000000000000
0000000000000000000000000000000000000000000000000000000010110010101100101011001010110010101100101011001010110010
0000000000000000000000000000000000000000000000000000000011010100110101001101010011010100110101001101010011010100
0000000000000000000000000000000000000000000000000000000011101000111010001110100011101000111010001110100011101000
1000111011110000000110000001010001111000001001001010000010001110111100000001100000010100011110000010010010100000
1100110010011010100001000111010001011010111111000000000011001100100110101000010001110100010110101111110000000000
0011101010011100011111100101110001001000010101101100000000111010100111000111111001011100010010000101011011000000
0000101001001110001111000110011011001010101010101111000000001010010011100011110001100110110010101010101011110000
0010100011000110000101000111100010011010010001000110000000101000110001100001010001111000100110100100010001100000
1101010011010100001101101111011011001100111101101010000011010100110101000011011011110110110011001111011010100000
1101010000010010001111001101100011100100100111000000000011010100000100100011110011011000111001001001110000000000
0110110010000010111010001110001011001100101011000101000001101100100000101110100011100010110011001010110001010000
0110101011111010010100001001000010011010000000001001000001101010111110100101000010010000100110100000000010010000
1100011000000000001001001010110000111100110100101010000011000110000000000010010010101100001111001101001010100000
0101011000001100100100000110011011011000110000000110000001010110000011001001000001100110110110001100000001100000
0001111001000010011110000010111010100000010101101100000000011110010000100111100000101110101000000101011011000000
1100000011100100110010100000101001011010001110100101000011000000111001001100101000001010010110100011101001010000
1101100001101100100100001011010010100110100110101001000011011000011011001001000010110100101001101001101010010000
0011000010110010101000001101010001100110011011001100000000110000101100101010000011010100011001100110110011000000
0001001000100100101010101100101010011010100001001010000000010010001001001010101011001010100110101000010010100000
