Z checks
11111111000000000000000000000000000000000000000000000000000000000000000000000000000000000000000000000000000000000000000000000000
00000000111111110000000000000000000000000000000000000000000000000000000000000000000000000000000000000000000000000000000000000000
00000000000000001111111100000000000000000000000000000000000000000000000000000000000000000000000000000000000000000000000000000000
00000000000000000000000011111111000000000000000000000000000000000000000000000000000000000000000000000000000000000000000000000000
00000000000000000000000000000000111111110000000000000000000000000000000000000000000000000000000000000000000000000000000000000000
00000000000000000000000000000000000000001111111100000000000000000000000000000000000000000000000000000000000000000000000000000000
00000000000000000000000000000000000000000000000011111111000000000000000000000000000000000000000000000000000000000000000000000000
00000000000000000000000000000000000000000000000000000000111111110000000000000000000000000000000000000000000000000000000000000000
00000000000000000000000000000000000000000000000000000000000000001111111100000000000000000000000000000000000000000000000000000000
00000000000000000000000000000000000000000000000000000000000000000000000011111111000000000000000000000000000000000000000000000000
00000000000000000000000000000000000000000000000000000000000000000000000000000000111111110000000000000000000000000000000000000000
00000000000000000000000000000000000000000000000000000000000000000000000000000000000000001111111100000000000000000000000000000000
00000000000000000000000000000000000000000000000000000000000000000000000000000000000000000000000011111111000000000000000000000000
00000000000000000000000000000000000000000000000000000000000000000000000000000000000000000000000000000000111111110000000000000000
00000000000000000000000000000000000000000000000000000000000000000000000000000000000000000000000000000000000000001111111100000000
00000000000000000000000000000000000000000000000000000000000000000000000000000000000000000000000000000000000000000000000011111111
10110010101100100100110101001101101100101011001010110010101100100000000000000000000000000000000000000000000000000000000000000000
11010100110101001101010000101011110101001101010000101011001010110000000000000000000000000000000000000000000000000000000000000000
11101000000101111110100011101000111010000001011111101000000101110000000000000000000000000000000000000000000000000000000000000000
00000000000000000000000000000000000000000000000000000000000000001011001010110010010011010100110110110010101100101011001010110010
00000000000000000000000000000000000000000000000000000000000000001101010011010100110101000010101111010100110101000010101100101011
00000000000000000000000000000000000000000000000000000000000000001110100000010111111010001110100011101000000101111110100000010111
00000000000000000000000000010100001011010000110001000100010000100000000000000000000000000001010000101101000011000100010001000010
00100001000000000000101000000000010000010000010100000101000011000010000100000000000010100000000001000001000001010000010100001100
11000000011000000110010100100001010100001000100000010100010000011100000001100000011001010010000101010000100010000001010001000001
00000110000000000000000010000100001010000100001010010000010001000000011000000000000000001000010000101000010000101001000001000100
00010001010101010000000010010000000000000011000000000000001010000001000101010101000000001001000000000000001100000000000000101000
11000000000000000010000100010001000000000100100000010100000010011100000000000000001000010001000100000000010010000001010000001001
00000000000100010010001000100100100100000000000010010000001001000000000000010001001000100010010010010000000000001001000000100100
01000001000000000001010001100000100000101000000100001010000000000100000100000000000101000110000010000010100000010000101000000000
00000000100000010010010010010000000000110000001100000000000001100000000010000001001001001001000000000011000000110000000000000110
00000000000010100101000000011000000011000010000100000000000001100000000000001010010100000001100000001100001000010000000000000110
00001001001000100001001001000010000000000000000011000000000100010000100100100010000100100100001000000000000000001100000000010001
00000101010001000010100000000000000000000100100000101000011000000000010101000100001010000000000000000000010010000010100001100000
00000000001110100000011000000000000101000000001100100100000000000000000000111010000001100000000000010100000000110010010000000000
00000000100000010000000000010010000010010111010000000000100010000000000010000001000000000001001000001001011101000000000010001000
11010010001010001000001001000001000001010000000000000000000000001101001000101000100000100100000100000101000000000000000000000000
00000110010001000000000011000000000000001000100000000110110000000000011001000100000000001100000000000000100010000000011011000000

observable
11001010000110001000111001100000000000000000000000000000000000000000000000000000000000000000000000000000000000000000000000000000

X checks
11111111000000000000000000000000000000000000000000000000000000000000000000000000000000000000000000000000000000000000000000000000
00000000111111110000000000000000000000000000000000000000000000000000000000000000000000000000000000000000000000000000000000000000
00000000000000001111111100000000000000000000000000000000000000000000000000000000000000000000000000000000000000000000000000000000
00000000000000000000000011111111000000000000000000000000000000000000000000000000000000000000000000000000000000000000000000000000
00000000000000000000000000000000111111110000000000000000000000000000000000000000000000000000000000000000000000000000000000000000
00000000000000000000000000000000000000001111111100000000000000000000000000000000000000000000000000000000000000000000000000000000
00000000000000000000000000000000000000000000000011111111000000000000000000000000000000000000000000000000000000000000000000000000
00000000000000000000000000000000000000000000000000000000111111110000000000000000000000000000000000000000000000000000000000000000
00000000000000000000000000000000000000000000000000000000000000001111111100000000000000000000000000000000000000000000000000000000
00000000000000000000000000000000000000000000000000000000000000000000000011111111000000000000000000000000000000000000000000000000
00000000000000000000000000000000000000000000000000000000000000000000000000000000111111110000000000000000000000000000000000000000
00000000000000000000000000000000000000000000000000000000000000000000000000000000000000001111111100000000000000000000000000000000
00000000000000000000000000000000000000000000000000000000000000000000000000000000000000000000000011111111000000000000000000000000
00000000000000000000000000000000000000000000000000000000000000000000000000000000000000000000000000000000111111110000000000000000
00000000000000000000000000000000000000000000000000000000000000000000000000000000000000000000000000000000000000001111111100000000
00000000000000000000000000000000000000000000000000000000000000000000000000000000000000000000000000000000000000000000000011111111
10100101101001011010010101011010101001011010010101011010101001010000000000000000000000000000000000000000000000000000000000000000
11000011001111001100001100111100110000110011110011000011001111000000000000000000000000000000000000000000000000000000000000000000
00001111111100000000111100001111111100001111000000001111111100000000000000000000000000000000000000000000000000000000000000000000
00000000000000000000000000000000000000000000000000000000000000000000111111110000111100001111000011110000111100000000111111110000
00000000000000000000000000000000000000000000000000000000000000001001100110011001011001101001100110011001011001101001100101100110
00000000000000000000000000000000000000000000000000000000000000000011110000111100110000110011110000111100001111000011110000111100
01100000110010100000011000000000100000010101001110001000100001111100010110010000101000110101101000100100000010011101001000100010
01000010100000010001010001000100100001000100010000110000100111000100001010000001000101000100010010000100010001000011000010011100
01000010000100101100000010000100000000000000110000011000000000001110011101001000100110100010000101011010101010010100001010100101
00101000000011000101000000001010000000001000001000000000001010000010100000001100010100000000101000000000100000100000000000101000
10010000110101000000000000010001000000000011000000000000001010001001000000101011000000000001000100000000001100000000000011010111
00101000000000001000100001000010010000100001010001110111000000000010100000000000100010000100001001000010000101001000100000000000
00100100100100001111001100100001000000000000000000100001111101010010010010010000000011000010000100000000000000000010000100001010
00010100000000000100010010100000001011101000010000000110000100010001010000000000010001001010000000101110100001000000011000010001
10011111010001000010001000010001011010010000000000100100000000000110000001000100001000100001000101101001000000000010010000000000
00010010010001000010100000000000000000000100100000101000100100000001001001000100001010000000000000000000010010000010100010010000
10010000001000100100100000001010000100010000001111000000000010011001000000100010010010000000101000010001000000111100000000001001
00000000000010011001000000000000000001100001000100011000010000100000000000001001100100000000000000000110000100010001100001000010
11001001001010000011100101000100000000001010001110010000010001110000101000010100000001011000011111000011011000000101001110000100
00000000000000110011000010000010000010010000000001000010010010000000000000000011001100001000001000001001000000000100001001001000
01000001010000100000000010100000110000000000101010000001000000000100000101000010000000001010000011000000000010101000000100000000
00000000001110100000011000000000000101001000001000100100000000000000000011000101000001100000000000010100100000100010010000000000
