Z checks
111111110000000000000000000000000000000000000000000000000000000000000000000000000000000000000000000000000000000000000000000000000000000000000000
000000001111111100000000000000000000000000000000000000000000000000000000000000000000000000000000000000000000000000000000000000000000000000000000
000000000000000011111111000000000000000000000000000000000000000000000000000000000000000000000000000000000000000000000000000000000000000000000000
000000000000000000000000111111110000000000000000000000000000000000000000000000000000000000000000000000000000000000000000000000000000000000000000
000000000000000000000000000000001111111100000000000000000000000000000000000000000000000000000000000000000000000000000000000000000000000000000000
000000000000000000000000000000000000000011111111000000000000000000000000000000000000000000000000000000000000000000000000000000000000000000000000
000000000000000000000000000000000000000000000000111111110000000000000000000000000000000000000000000000000000000000000000000000000000000000000000
000000000000000000000000000000000000000000000000000000001111111100000000000000000000000000000000000000000000000000000000000000000000000000000000
000000000000000000000000000000000000000000000000000000000000000011111111000000000000000000000000000000000000000000000000000000000000000000000000
000000000000000000000000000000000000000000000000000000000000000000000000111111110000000000000000000000000000000000000000000000000000000000000000
000000000000000000000000000000000000000000000000000000000000000000000000000000001111111100000000000000000000000000000000000000000000000000000000
000000000000000000000000000000000000000000000000000000000000000000000000000000000000000011111111000000000000000000000000000000000000000000000000
000000000000000000000000000000000000000000000000000000000000000000000000000000000000000000000000111111110000000000000000000000000000000000000000
000000000000000000000000000000000000000000000000000000000000000000000000000000000000000000000000000000001111111100000000000000000000000000000000
000000000000000000000000000000000000000000000000000000000000000000000000000000000000000000000000000000000000000011111111000000000000000000000000
000000000000000000000000000000000000000000000000000000000000000000000000000000000000000000000000000000000000000000000000111111110000000000000000
000000000000000000000000000000000000000000000000000000000000000000000000000000000000000000000000000000000000000000000000000000001111111100000000
000000000000000000000000000000000000000000000000000000000000000000000000000000000000000000000000000000000000000000000000000000000000000011111111
010011010100110101001101010011010100110101001101010011010100110101001101000000000000000000000000000000000000000000000000000000000000000000000000
001010110010101100101011001010110010101100101011001010110010101100101011000000000000000000000000000000000000000000000000000000000000000000000000
000101110001011100010111000101110001011100010111000101110001011100010111000000000000000000000000000000000000000000000000000000000000000000000000
000000000000000000000000000000000000000000000000000000000000000000000000010011010100110101001101010011010100110101001101010011010100110101001101
000000000000000000000000000000000000000000000000000000000000000000000000001010110010101100101011001010110010101100101011001010110010101100101011
000000000000000000000000000000000000000000000000000000000000000000000000000101110001011100010111000101110001011100010111000101110001011100010111
010111001101111001101100010111001111011001100000111010001000010010100000010111001101111001101100010111001111011001100000111010001000010010100000
000000000101101000011000110011000000101011010100000101000000110010100000000000000101101000011000110011000000101011010100000101000000110010100000
011001100010111001000010100110101101010000101000110101001010000011110000011001100010111001000010100110101101010000101000110101001010000011110000
001000100100111000011000111111000111100001001110001111000011101001010000001000100100111000011000111111000111100001001110001111000011101001010000
000000001000100001100110100100000000101010101010100110100011110010010000000000001000100001100110100100000000101010101010100110100011110010010000
011110000001010001101010111101100011101010011010001100000111111010010000011110000001010001101010111101100011101010011010001100000111111010010000
100101100000000000000110000001101110111000000110111111001101010000110000100101100000000000000110000001101110111000000110111111001101010000110000
010110101101010010001000110101001000111011111100100110100011101000000000010110101101010010001000110101001000111011111100100110100011101000000000
100001000000011000111010100010000100100010110100000101000010010011000000100001000000011000111010100010000100100010110100000101000010010011000000
101001101100110000010100010100000001010001111110111111001011111001100000101001101100110000010100010100000001010001111110111111001011111001100000
010111000000000011100010011011001011001000000000100001001001110010010000010111000000000011100010011011001011001000000000100001001001110010010000
101001100110011011101000101101000101101011110000000110000100001001010000101001100110011011101000101101000101101011110000000110000100001001010000
100000100000101001100000111011100110110011010100110101000001100011000000100000100000101001100000111011100110110011010100110101000001100011000000
000100101011100001100000011010100000000010100000000110001111011001100000000100101011100001100000011010100000000010100000000110001111011001100000
010100000110110011100010100001001000111011001010010010000011101001010000010100000110110011100010100001001000111011001010010010000011101001010000
011000001011100001101010010110100000101000001010011111100100001000000000011000001011100001101010010110100000101000001010011111100100001000000000

observable
111100001011010010010000000000000000000000000000000000000000000000000000000000000000000000000000000000000000000000000000000000000000000000000000

X checks
111111110000000000000000000000000000000000000000000000000000000000000000000000000000000000000000000000000000000000000000000000000000000000000000
000000001111111100000000000000000000000000000000000000000000000000000000000000000000000000000000000000000000000000000000000000000000000000000000
000000000000000011111111000000000000000000000000000000000000000000000000000000000000000000000000000000000000000000000000000000000000000000000000
000000000000000000000000111111110000000000000000000000000000000000000000000000000000000000000000000000000000000000000000000000000000000000000000
000000000000000000000000000000001111111100000000000000000000000000000000000000000000000000000000000000000000000000000000000000000000000000000000
000000000000000000000000000000000000000011111111000000000000000000000000000000000000000000000000000000000000000000000000000000000000000000000000
000000000000000000000000000000000000000000000000111111110000000000000000000000000000000000000000000000000000000000000000000000000000000000000000
000000000000000000000000000000000000000000000000000000001111111100000000000000000000000000000000000000000000000000000000000000000000000000000000
000000000000000000000000000000000000000000000000000000000000000011111111000000000000000000000000000000000000000000000000000000000000000000000000
000000000000000000000000000000000000000000000000000000000000000000000000111111110000000000000000000000000000000000000000000000000000000000000000
000000000000000000000000000000000000000000000000000000000000000000000000000000001111111100000000000000000000000000000000000000000000000000000000
000000000000000000000000000000000000000000000000000000000000000000000000000000000000000011111111000000000000000000000000000000000000000000000000
000000000000000000000000000000000000000000000000000000000000000000000000000000000000000000000000111111110000000000000000000000000000000000000000
000000000000000000000000000000000000000000000000000000000000000000000000000000000000000000000000000000001111111100000000000000000000000000000000
000000000000000000000000000000000000000000000000000000000000000000000000000000000000000000000000000000000000000011111111000000000000000000000000
000000000000000000000000000000000000000000000000000000000000000000000000000000000000000000000000000000000000000000000000111111110000000000000000
000000000000000000000000000000000000000000000000000000000000000000000000000000000000000000000000000000000000000000000000000000001111111100000000
000000000000000000000000000000000000000000000000000000000000000000000000000000000000000000000000000000000000000000000000000000000000000011111111
101100101011001010110010101100101011001010110010101100101011001010110010000000000000000000000000000000000000000000000000000000000000000000000000
110101001101010011010100110101001101010011010100110101001101010011010100000000000000000000000000000000000000000000000000000000000000000000000000
111010001110100011101000111010001110100011101000111010001110100011101000000000000000000000000000000000000000000000000000000000000000000000000000
000000000000000000000000000000000000000000000000000000000000000000000000101100101011001010110010101100101011001010110010101100101011001010110010
000000000000000000000000000000000000000000000000000000000000000000000000110101001101010011010100110101001101010011010100110101001101010011010100
000000000000000000000000000000000000000000000000000000000000000000000000111010001110100011101000111010001110100011101000111010001110100011101000
110110000111010010111000100010000101110010110100010000100010111011110000110110000111010010111000100010000101110010110100010000100010111011110000
100011101101010010010110001111001000010000100100100110101000001010100000100011101101010010010110001111001000010000100100100110101000001010100000
111011101100011010101010000011000100001011000000010000100011011010010000111011101100011010101010000011000100001011000000010000100011011010010000
101001100001010001000010110110000010001000010100011001100110000011110000101001100001010001000010110110000010001000010100011001100110000011110000
100011100111100011101000011000001000010001011010011010101011001010010000100011100111100011101000011000001000010001011010011010101011001010010000
011110001001101011100100000001101011010001101010101111101111000010010000011110001001101011100100000001101011010001101010101111101111000010010000
011000000110011001100000011000001111011001100000111001001100110001010000011000000110011001100000011000001111011001100000111001001100110001010000
010100001111000010101100111100001010101011011000101111100110000001010000010100001111000010101100111100001010101011011000101111100110000001010000
011101001000100010110100011110001100011001000100100110101010101000110000011101001000100010110100011110001100011001000100100110101010101000110000
010111001110100001001110000010100100111000100100110110001001101000110000010111001110100001001110000010100100111000100100110110001001101000110000
110110001101010001001000101110000001100011010100001011100011011011000000110110001101010001001000101110000001100011010100001011100011011011000000
010111000011110011001100100100000000000011010100010000100001100000000000010111000011110011001100100100000000000011010100010000100001100000000000
011100101000010011101110000111101110001000100100001001001001011011000000011100101000010011101110000111101110001000100100001001001001011011000000
100110101010000000000110000011000110011010111000011111101110111011110000100110101010000000000110000011000110011010111000011111101110111011110000
010110100011011011000110101000001010101011101110000100100110000000000000010110100011011011000110101000001010101011101110000100100110000000000000
011001101010000000001100001111000110110001101100000110000010010010010000011001101010000000001100001111000110110001101100000110000010010010010000
