Z checks
1111111100000000000000000000000000000000000000000000000000000000000000000000000000000000000000000000000000000000000000000000000000000000000000000000000000000000
0000000011111111000000000000000000000000000000000000000000000000000000000000000000000000000000000000000000000000000000000000000000000000000000000000000000000000
0000000000000000111111110000000000000000000000000000000000000000000000000000000000000000000000000000000000000000000000000000000000000000000000000000000000000000
0000000000000000000000001111111100000000000000000000000000000000000000000000000000000000000000000000000000000000000000000000000000000000000000000000000000000000
0000000000000000000000000000000011111111000000000000000000000000000000000000000000000000000000000000000000000000000000000000000000000000000000000000000000000000
0000000000000000000000000000000000000000111111110000000000000000000000000000000000000000000000000000000000000000000000000000000000000000000000000000000000000000
0000000000000000000000000000000000000000000000001111111100000000000000000000000000000000000000000000000000000000000000000000000000000000000000000000000000000000
0000000000000000000000000000000000000000000000000000000011111111000000000000000000000000000000000000000000000000000000000000000000000000000000000000000000000000
0000000000000000000000000000000000000000000000000000000000000000111111110000000000000000000000000000000000000000000000000000000000000000000000000000000000000000
0000000000000000000000000000000000000000000000000000000000000000000000001111111100000000000000000000000000000000000000000000000000000000000000000000000000000000
0000000000000000000000000000000000000000000000000000000000000000000000000000000011111111000000000000000000000000000000000000000000000000000000000000000000000000
0000000000000000000000000000000000000000000000000000000000000000000000000000000000000000111111110000000000000000000000000000000000000000000000000000000000000000
0000000000000000000000000000000000000000000000000000000000000000000000000000000000000000000000001111111100000000000000000000000000000000000000000000000000000000
0000000000000000000000000000000000000000000000000000000000000000000000000000000000000000000000000000000011111111000000000000000000000000000000000000000000000000
0000000000000000000000000000000000000000000000000000000000000000000000000000000000000000000000000000000000000000111111110000000000000000000000000000000000000000
0000000000000000000000000000000000000000000000000000000000000000000000000000000000000000000000000000000000000000000000001111111100000000000000000000000000000000
0000000000000000000000000000000000000000000000000000000000000000000000000000000000000000000000000000000000000000000000000000000011111111000000000000000000000000
0000000000000000000000000000000000000000000000000000000000000000000000000000000000000000000000000000000000000000000000000000000000000000111111110000000000000000
0000000000000000000000000000000000000000000000000000000000000000000000000000000000000000000000000000000000000000000000000000000000000000000000001111111100000000
0000000000000000000000000000000000000000000000000000000000000000000000000000000000000000000000000000000000000000000000000000000000000000000000000000000011111111
0100110101001101010011010100110101001101010011010100110101001101010011010100110100000000000000000000000000000000000000000000000000000000000000000000000000000000
0010101100101011001010110010101100101011001010110010101100101011001010110010101100000000000000000000000000000000000000000000000000000000000000000000000000000000
0001011100010111000101110001011100010111000101110001011100010111000101110001011100000000000000000000000000000000000000000000000000000000000000000000000000000000
0000000000000000000000000000000000000000000000000000000000000000000000000000000001001101010011010100110101001101010011010100110101001101010011010100110101001101
0000000000000000000000000000000000000000000000000000000000000000000000000000000000101011001010110010101100101011001010110010101100101011001010110010101100101011
0000000000000000000000000000000000000000000000000000000000000000000000000000000000010111000101110001011100010111000101110001011100010111000101110001011100010111
1101111010111000010001001001101010101010101100101100011001100110101010100000000011011110101110000100010010011010101010101011001011000110011001101010101000000000
1001110010001110001001001111110011111100101110000100001001110100011111101010000010011100100011100010010011111100111111001011100001000010011101000111111010100000
1111101011011110000011000101000001101010001011100010111000010100100110101010000011111010110111100000110001010000011010100010111000101110000101001001101010100000
0001010001001000001001000101000010010000011010101111000001001110001100001001000000010100010010000010010001010000100100000110101011110000010011100011000010010000
0011110010011100000111100011110011001100111001000111010011100100101000001100000000111100100111000001111000111100110011001110010001110100111001001010000011000000
1101111001001000000011000100100000011000110011001001101011101110101100100011000011011110010010000000110001001000000110001100110010011010111011101011001000110000
0111111001010110100100001101111011101000101111100001111011100100110011001001000001111110010101101001000011011110111010001011111000011110111001001100110010010000
0101011010100110111100001101100010011010100111000110011001000100001110101010000001010110101001101111000011011000100110101001110001100110010001000011101010100000
1111000011010100101001101111000011101110100100001110100011010010001111001010000011110000110101001010011011110000111011101001000011101000110100100011110010100000
0101110010001000001010000111100001010000011110001011010011011000111100001100000001011100100010000010100001111000010100000111100010110100110110001111000011000000
1101001000011110100001000101000010010000001000101001110010001110001001001010000011010010000111101000010001010000100100000010001010011100100011100010010010100000
0100100010011010110101000010100001000100111000100011011001000100110001100000000001001000100110101101010000101000010001001110001000110110010001001100011000000000
0010111010100110000111101011001010111110110110000101000011010010101010100011000000101110101001100001111010110010101111101101100001010000110100101010101000110000
0110000010001110000100101110111000001100000101000110101010101010101000000011000001100000100011100001001011101110000011000001010001101010101010101010000000110000
0011011000001010000011001000111010100000000100100111001011011110010100000000000000110110000010100000110010001110101000000001001001110010110111100101000000000000
1001110011101110000001100001001000000000000101000010010001101100110001100011000010011100111011100000011000010010000000000001010000100100011011001100011000110000

X checks
1111111100000000000000000000000000000000000000000000000000000000000000000000000000000000000000000000000000000000000000000000000000000000000000000000000000000000
0000000011111111000000000000000000000000000000000000000000000000000000000000000000000000000000000000000000000000000000000000000000000000000000000000000000000000
0000000000000000111111110000000000000000000000000000000000000000000000000000000000000000000000000000000000000000000000000000000000000000000000000000000000000000
0000000000000000000000001111111100000000000000000000000000000000000000000000000000000000000000000000000000000000000000000000000000000000000000000000000000000000
0000000000000000000000000000000011111111000000000000000000000000000000000000000000000000000000000000000000000000000000000000000000000000000000000000000000000000
0000000000000000000000000000000000000000111111110000000000000000000000000000000000000000000000000000000000000000000000000000000000000000000000000000000000000000
0000000000000000000000000000000000000000000000001111111100000000000000000000000000000000000000000000000000000000000000000000000000000000000000000000000000000000
0000000000000000000000000000000000000000000000000000000011111111000000000000000000000000000000000000000000000000000000000000000000000000000000000000000000000000
0000000000000000000000000000000000000000000000000000000000000000111111110000000000000000000000000000000000000000000000000000000000000000000000000000000000000000
0000000000000000000000000000000000000000000000000000000000000000000000001111111100000000000000000000000000000000000000000000000000000000000000000000000000000000
0000000000000000000000000000000000000000000000000000000000000000000000000000000011111111000000000000000000000000000000000000000000000000000000000000000000000000
0000000000000000000000000000000000000000000000000000000000000000000000000000000000000000111111110000000000000000000000000000000000000000000000000000000000000000
0000000000000000000000000000000000000000000000000000000000000000000000000000000000000000000000001111111100000000000000000000000000000000000000000000000000000000
0000000000000000000000000000000000000000000000000000000000000000000000000000000000000000000000000000000011111111000000000000000000000000000000000000000000000000
0000000000000000000000000000000000000000000000000000000000000000000000000000000000000000000000000000000000000000111111110000000000000000000000000000000000000000
0000000000000000000000000000000000000000000000000000000000000000000000000000000000000000000000000000000000000000000000001111111100000000000000000000000000000000
0000000000000000000000000000000000000000000000000000000000000000000000000000000000000000000000000000000000000000000000000000000011111111000000000000000000000000
0000000000000000000000000000000000000000000000000000000000000000000000000000000000000000000000000000000000000000000000000000000000000000111111110000000000000000
0000000000000000000000000000000000000000000000000000000000000000000000000000000000000000000000000000000000000000000000000000000000000000000000001111111100000000
0000000000000000000000000000000000000000000000000000000000000000000000000000000000000000000000000000000000000000000000000000000000000000000000000000000011111111
1100110011001100110011001100110011001100110011001100110011001100110011001100110000000000000000000000000000000000000000000000000000000000000000000000000000000000
1010101010101010101010101010101010101010101010101010101010101010101010101010101000000000000000000000000000000000000000000000000000000000000000000000000000000000
1001011010010110100101101001011010010110100101101001011010010110100101101001011000000000000000000000000000000000000000000000000000000000000000000000000000000000
0000000000000000000000000000000000000000000000000000000000000000000000000000000011001100110011001100110011001100110011001100110011001100110011001100110011001100
0000000000000000000000000000000000000000000000000000000000000000000000000000000010101010101010101010101010101010101010101010101010101010101010101010101010101010
0000000000000000000000000000000000000000000000000000000000000000000000000000000010010110100101101001011010010110100101101001011010010110100101101001011010010110
1011001010011100000111101011111010001110100101101110001000111100100011101010000010110010100111000001111010111110100011101001011011100010001111001000111010100000
0001010011110000001001001000001010000010110001100100001001110100011111100010100000010100111100000010010010000010100000101100011001000010011101000111111000101000
0111010011000110011010100011011000001100010010000100100001110010100000100100100001110100110001100110101000110110000011000100100001001000011100101000001001001000
0111001000101110010000100011011010001000000011001110100000101000010101101000100001110010001011100100001000110110100010000000110011101000001010000101011010001000
1011111001001000101101001001011000011000001100001101111000110000011101001110100010111110010010001011010010010110000110000011000011011110001100000111010011101000
0100001011100010101001101110001010110010000110000100111000111010011001100110000001000010111000101010011011100010101100100001100001001110001110100110011001100000
0111111011000000011110000011011000000000010101101000100000001100001001001000100001111110110000000111100000110110000000000101011010001000000011000010010010001000
1011001010000010110101001111110010111110101110000011110000011110011000001000100010110010100000101101010011111100101111101011100000111100000111100110000010001000
0001111001011010001010000111111001100000000111100110011001011100110011000010100000011110010110100010100001111110011000000001111001100110010111001100110000101000
1101100000111010111001001011010010011100101101000000011001101010010000101000100011011000001110101110010010110100100111001011010000000110011010100100001010001000
0100100001000100101000000000101010110100011110001011100010101010011111101000100001001000010001001010000000001010101101000111100010111000101010100111111010001000
0101101010111110111100000111001000011110110001100110110000011110111000101010000001011010101111101111000001110010000111101100011001101100000111101110001010100000
1100101000010100110100100000000000001100011010101001110001100000000110000000000011001010000101001101001000000000000011000110101010011100011000000001100000000000
1001011001100110100001000000011010011010100000101111110001000010010010001010000010010110011001101000010000000110100110101000001011111100010000100100100010100000
0100001010100000101001100101101001110100101110001101100000001010111110101010000001000010101000001010011001011010011101001011100011011000000010101111101010100000
0111001011110110011000000111010001100110011100100100001000001010110111101010000001110010111101100110000001110100011001100111001001000010000010101101111010100000
