Z checks
111111111111111100000000000000000000000000000000000000000000000000000000000000000000000000000000000000000000000000000000000000000000000000000000000000000000000000000000000000000000000000000000
000000000000000011111111111111110000000000000000000000000000000000000000000000000000000000000000000000000000000000000000000000000000000000000000000000000000000000000000000000000000000000000000
000000000000000000000000000000001111111111111111000000000000000000000000000000000000000000000000000000000000000000000000000000000000000000000000000000000000000000000000000000000000000000000000
000000000000000000000000000000000000000000000000111111111111111100000000000000000000000000000000000000000000000000000000000000000000000000000000000000000000000000000000000000000000000000000000
000000000000000000000000000000000000000000000000000000000000000011111111111111110000000000000000000000000000000000000000000000000000000000000000000000000000000000000000000000000000000000000000
000000000000000000000000000000000000000000000000000000000000000000000000000000001111111111111111000000000000000000000000000000000000000000000000000000000000000000000000000000000000000000000000
000000000000000000000000000000000000000000000000000000000000000000000000000000000000000000000000111111111111111100000000000000000000000000000000000000000000000000000000000000000000000000000000
000000000000000000000000000000000000000000000000000000000000000000000000000000000000000000000000000000000000000011111111111111110000000000000000000000000000000000000000000000000000000000000000
000000000000000000000000000000000000000000000000000000000000000000000000000000000000000000000000000000000000000000000000000000001111111111111111000000000000000000000000000000000000000000000000
000000000000000000000000000000000000000000000000000000000000000000000000000000000000000000000000000000000000000000000000000000000000000000000000111111111111111100000000000000000000000000000000
000000000000000000000000000000000000000000000000000000000000000000000000000000000000000000000000000000000000000000000000000000000000000000000000000000000000000011111111111111110000000000000000
000000000000000000000000000000000000000000000000000000000000000000000000000000000000000000000000000000000000000000000000000000000000000000000000000000000000000000000000000000001111111111111111
100000000111111101111111100000001000000001111111100000000111111101111111100000000111111110000000000000000000000000000000000000000000000000000000000000000000000000000000000000000000000000000000
010100011101101010101110001001011010111000100101010100011101101001010001110110101010111000100101000000000000000000000000000000000000000000000000000000000000000000000000000000000000000000000000
001001011100110111011010001100101101101000110010001001011100110100100101110011010010010111001101000000000000000000000000000000000000000000000000000000000000000000000000000000000000000000000000
001110001111000111000111000011100011100011110001110001110000111000111000111100011100011100001110000000000000000000000000000000000000000000000000000000000000000000000000000000000000000000000000
000000000000000000000000000000000000000000000000000000000000000000000000000000000000000000000000001110001111000111000111000011100011100011110001110001110000111000111000111100011100011100001110
000000000000000000000000000000000000000000000000000000000000000000000000000000000000000000000000100000000111111101111111100000001000000001111111100000000111111101111111100000000111111110000000
000000000000000000000000000000000000000000000000000000000000000000000000000000000000000000000000001001011100110111011010001100101101101000110010001001011100110100100101110011010010010111001101
000000000000000000000000000000000000000000000000000000000000000000000000000000000000000000000000010100011101101010101110001001011010111000100101010100011101101001010001110110101010111000100101
000110100000001000000000000000000000000100000010000011000011000000101000000001010011000000100100000110100000001000000000000000000000000100000010000011000011000000101000000001010011000000100100
000101000000110000000000011000000000011000001001010000100000001100100000000100001000001000000011000101000000110000000000011000000000011000001001010000100000001100100000000100001000001000000011
110010000000100000001100010000101100000010001000010001000000110000000000010000100000000000010100110010000000100000001100010000101100000010001000010001000000110000000000010000100000000000010100
001000010111000100001101111001100010000001000101010110110000100010010101010001000000000011011110001000010111000100001101111001100010000001000101010110110000100010010101010001000000000011011110
011100000010001110100010000001000000011101000000001110000010000000110000010100001100110111001000011100000010001110100010000001000000011101000000001110000010000000110000010100001100110111001000
001000111000110000000101100100000001100000110101101011111001011011001100001010000010010000010010001000111000110000000101100100000001100000110101101011111001011011001100001010000010010000010010
000110000001000100010000000000010000000101000000101101000110000001010010000001001000000000001101000110000001000100010000000000010000000101000000101101000110000001010010000001001000000000001101
001000111000000000000101000000000001000101001000010100100100000010000010100000010100110000100000001000111000000000000101000000000001000101001000010100100100000010000010100000010100110000100000
100000000000001001100000001100000110100001000000010011000000010000001000000000011101000100010001100000000000001001100000001100000110100001000000010011000000010000001000000000011101000100010001
000100110000001000100000000101011100000000011000000100000000010001000000000001000000000011111010000100110000001000100000000101011100000000011000000100000000010001000000000001000000000011111010
000001000000111000000000001000101001000010000111100000000000100000000100000010001001000011101000000001000000111000000000001000101001000010000111100000000000100000000100000010001001000011101000
110000001001000001001000010001000010010010001000000000001000001000000001000101011000000011000010110000001001000001001000010001000010010010001000000000001000001000000001000101011000000011000010
000010101010000010010000000000000010000010000110000010000000000110101001000010010111100000000000000010101010000010010000000000000010000010000110000010000000000110101001000010010111100000000000
100001000000000000100000110100000101010110000010000000010010101010000001000000000100100000110000100001000000000000100000110100000101010110000010000000010010101010000001000000000100100000110000
011001010010001001000000000010000100011000100101111100000000000010000000000000100001000000000100011001010010001001000000000010000100011000100101111100000000000010000000000000100001000000000100
010100100100000010110010100010001010100010001100000000000100000101000100000000000000000000100001010100100100000010110010100010001010100010001100000000000100000101000100000000000000000000100001
101010000010000000000000000101000000011101000000000010000010000010110010010100000001001010100000101010000010000000000000000101000000011101000000000010000010000010110010010100000001001010100000
100010000100010000000000010100000101000000110000000000001000000100000101001110100101000000000011100010000100010000000000010100000101000000110000000000001000000100000101001110100101000000000011
100000101000100001000000100000001101001000000000101000100001000000001010101010100010001000000000100000101000100001000000100000001101001000000000101000100001000000001010101010100010001000000000
000001000001000001000010100000010000000100011010000110000001001010000010000100100000110001001000000001000001000001000010100000010000000100011010000110000001001010000010000100100000110001001000

observable
101111000001101000101101001010000000000000000000000000000000000000000000000000000000000000000000000000000000000000000000000000000000000000000000000000000000000000000000000000000000000000000000

X checks
111111111111111100000000000000000000000000000000000000000000000000000000000000000000000000000000000000000000000000000000000000000000000000000000000000000000000000000000000000000000000000000000
000000000000000011111111111111110000000000000000000000000000000000000000000000000000000000000000000000000000000000000000000000000000000000000000000000000000000000000000000000000000000000000000
000000000000000000000000000000001111111111111111000000000000000000000000000000000000000000000000000000000000000000000000000000000000000000000000000000000000000000000000000000000000000000000000
000000000000000000000000000000000000000000000000111111111111111100000000000000000000000000000000000000000000000000000000000000000000000000000000000000000000000000000000000000000000000000000000
000000000000000000000000000000000000000000000000000000000000000011111111111111110000000000000000000000000000000000000000000000000000000000000000000000000000000000000000000000000000000000000000
000000000000000000000000000000000000000000000000000000000000000000000000000000001111111111111111000000000000000000000000000000000000000000000000000000000000000000000000000000000000000000000000
000000000000000000000000000000000000000000000000000000000000000000000000000000000000000000000000111111111111111100000000000000000000000000000000000000000000000000000000000000000000000000000000
000000000000000000000000000000000000000000000000000000000000000000000000000000000000000000000000000000000000000011111111111111110000000000000000000000000000000000000000000000000000000000000000
000000000000000000000000000000000000000000000000000000000000000000000000000000000000000000000000000000000000000000000000000000001111111111111111000000000000000000000000000000000000000000000000
000000000000000000000000000000000000000000000000000000000000000000000000000000000000000000000000000000000000000000000000000000000000000000000000111111111111111100000000000000000000000000000000
000000000000000000000000000000000000000000000000000000000000000000000000000000000000000000000000000000000000000000000000000000000000000000000000000000000000000011111111111111110000000000000000
000000000000000000000000000000000000000000000000000000000000000000000000000000000000000000000000000000000000000000000000000000000000000000000000000000000000000000000000000000001111111111111111
110100011010010100101110010110101101000110100101001011100101101000101110010110100010111001011010000000000000000000000000000000000000000000000000000000000000000000000000000000000000000000000000
001100110110011011001100100110011100110010011001110011001001100100110011011001100011001101100110000000000000000000000000000000000000000000000000000000000000000000000000000000000000000000000000
100111010100001101100010101111000110001010111100011000101011110010011101010000110110001010111100000000000000000000000000000000000000000000000000000000000000000000000000000000000000000000000000
101001011100110001011010001100111010010111001100101001011100110001011010001100111010010111001100000000000000000000000000000000000000000000000000000000000000000000000000000000000000000000000000
000000000000000000000000000000000000000000000000000000000000000000000000000000000000000000000000101001011100110010100101110011001010010111001100010110100011001101011010001100111010010111001100
000000000000000000000000000000000000000000000000000000000000000000000000000000000000000000000000100111010100001101100010101111000110001010111100100111010100001110011101010000110110001010111100
000000000000000000000000000000000000000000000000000000000000000000000000000000000000000000000000001100110110011011001100100110011100110010011001110011001001100100110011011001100011001101100110
000000000000000000000000000000000000000000000000000000000000000000000000000000000000000000000000110100011010010100101110010110101101000110100101110100011010010100101110010110100010111001011010
010010101001010000000001100011000000100000010000001010000000000000100010000010100100000000000001010010101001010000000001100011000000100000010000001010000000000000100010000010100100000000000001
000001000101100011010000000010000000000100001000100000101001101001000000000000010010000000010000000001000101100011010000000010000000000100001000100000101001101001000000000000010010000000010000
111000001011000000000101100011100000000000100010000000000000000000010000100000000011100010000000111000001011000011111010011100010000000000100010000000000000000000010000100000000011100010000000
000000000000111100010010000100100000101000000000000010101000001001100000101000000100100000000000000000000000111100010010000100100000101000000000000010101000001001100000101000000100100000000000
100010010010000010000000000000100001010000101000100000000100010100000111000000011110001001000001100010010010000010000000000000100001010000101000100000000100010100000111000000011110001001000001
000001001011100100011010000100000010100100010000000000110000000000000101000000000000010010100100000001001011100100011010000100000010100100010000000000110000000000000101000000000000010010100100
100000000000111001000100010001000010100000100010001001010100000000100000000010001000001101000000100000000000111001000100010001000010100000100010001001010100000000100000000010001000001101000000
010101000100000000000000100000100001111010000010000000000000000000010000110110010000100111000000010101000100000000000000100000100001111010000010000000000000000000010000110110010000100111000000
111100100000001010000000000100001001000001000100010100000000000010001001001000000100010100000010111100100000001010000000000100001001000001000100010100000000000010001001001000000100010100000010
000010001000000000000001100000001000001001000010010010010100000001100110100001000001000000101100000010001000000000000001100000001000001001000010010010010100000001100110100001000001000000101100
001000110001000000000001001000000010011000001000001110000001000010000000000000011000101000011001001000110001000000000001001000000010011000001000001110000001000010000000000000011000101000011001
001000100000100100000000000000110010000101001000000000000011000000011000101011000100000001110000001000100000100100000000000000110010000101001000000000000011000000011000101011000100000001110000
010001000010000110000001010000011000000000010000000100001010010000010100000000000010001100110010010001000010000110000001010000011000000000010000000100001010010000010100000000000010001100110010
001010000000010100101000000000000111000100010010001000001001011100000000000000000100100000100010001010000000010100101000000000000111000100010010001000001001011100000000000000000100100000100010
000010000001000010011110111011000000000001100011100101101010111101100110100100001000000100001001000010000001000001100001000100110000000001100011011010010101000001100110100100001000000100001001
011001001000101000100000001001010100000010010010100000100000000000000000010001001001000010001000011001001000101000100000001001010100000010010010100000100000000000000000010001001001000010001000
000000000011001100011001010000000101001000000100010001000010100010000000000001000001010000000101000000000011001100011001010000000101001000000100010001000010100010000000000001000001010000000101
100001000000000010010000000000000000011110010100000100110100000010101000001000000001000000001011100001000000000010010000000000000000011110010100000100110100000010101000001000000001000000001011
010010001100101001001000001011101011001010000100010111010111010100001000010001100100011001010100010010001100101001001000001011101011001010000100101000101000101000001000010001100100011001010100
000000000001010001110011111001010000100100000000010000000010001110000000100011001000000110000010000000000001010001110011111001010000100100000000010000000010001110000000100011001000000110000010
