Z checks
111111111111111100000000000000000000000000000000000000000000000000000000000000000000000000000000000000000000000000000000000000000000000000000000000000000000000000000000000000000000000000000000
000000000000000011111111111111110000000000000000000000000000000000000000000000000000000000000000000000000000000000000000000000000000000000000000000000000000000000000000000000000000000000000000
000000000000000000000000000000001111111111111111000000000000000000000000000000000000000000000000000000000000000000000000000000000000000000000000000000000000000000000000000000000000000000000000
000000000000000000000000000000000000000000000000111111111111111100000000000000000000000000000000000000000000000000000000000000000000000000000000000000000000000000000000000000000000000000000000
000000000000000000000000000000000000000000000000000000000000000011111111111111110000000000000000000000000000000000000000000000000000000000000000000000000000000000000000000000000000000000000000
000000000000000000000000000000000000000000000000000000000000000000000000000000001111111111111111000000000000000000000000000000000000000000000000000000000000000000000000000000000000000000000000
000000000000000000000000000000000000000000000000000000000000000000000000000000000000000000000000111111111111111100000000000000000000000000000000000000000000000000000000000000000000000000000000
000000000000000000000000000000000000000000000000000000000000000000000000000000000000000000000000000000000000000011111111111111110000000000000000000000000000000000000000000000000000000000000000
000000000000000000000000000000000000000000000000000000000000000000000000000000000000000000000000000000000000000000000000000000001111111111111111000000000000000000000000000000000000000000000000
000000000000000000000000000000000000000000000000000000000000000000000000000000000000000000000000000000000000000000000000000000000000000000000000111111111111111100000000000000000000000000000000
000000000000000000000000000000000000000000000000000000000000000000000000000000000000000000000000000000000000000000000000000000000000000000000000000000000000000011111111111111110000000000000000
000000000000000000000000000000000000000000000000000000000000000000000000000000000000000000000000000000000000000000000000000000000000000000000000000000000000000000000000000000001111111111111111
010110100100110101011010010011010101101001001101010110100100110101011010010011010101101001001101000000000000000000000000000000000000000000000000000000000000000000000000000000000000000000000000
001001011100110100100101110011010010010111001101001001011100110100100101110011010010010111001101000000000000000000000000000000000000000000000000000000000000000000000000000000000000000000000000
000101101010101100010110101010110001011010101011000101101010101100010110101010110001011010101011000000000000000000000000000000000000000000000000000000000000000000000000000000000000000000000000
000010111001011100001011100101110000101110010111000010111001011100001011100101110000101110010111000000000000000000000000000000000000000000000000000000000000000000000000000000000000000000000000
000000000000000000000000000000000000000000000000000000000000000000000000000000000000000000000000010110100100110101011010010011010101101001001101010110100100110101011010010011010101101001001101
000000000000000000000000000000000000000000000000000000000000000000000000000000000000000000000000001001011100110100100101110011010010010111001101001001011100110100100101110011010010010111001101
000000000000000000000000000000000000000000000000000000000000000000000000000000000000000000000000000101101010101100010110101010110001011010101011000101101010101100010110101010110001011010101011
000000000000000000000000000000000000000000000000000000000000000000000000000000000000000000000000000010111001011100001011100101110000101110010111000010111001011100001011100101110000101110010111
010001100010101001000100110000000011010000000010010010010000010000000010100000000001000101100000010001100010101001000100110000000011010000000010010010010000010000000010100000000001000101100000
010011011001000000110111100000000001101110100000000100001000000001010001011000100000001000010000010011011001000000110111100000000001101110100000000100001000000001010001011000100000001000010000
001000100100001010000010011010100100000110000010011000111100000011011001000001000101001000100000001000100100001010000010011010100100000110000010011000111100000011011001000001000101001000100000
100001011100100000010000000011101100001001001100101000101000101000010110100101001100101000110000100001011100100000010000000011101100001001001100101000101000101000010110100101001100101000110000
000000000101011011000001010000000001000100110000001101010001100000111111011100100000001101100000000000000101011011000001010000000001000100110000001101010001100000111111011100100000001101100000
000100100110000000100111110110000101100010000000000001110010110010000101000110100101000000000000000100100110000000100111110110000101100010000000000001110010110010000101000110100101000000000000
100011001001100001000000000101100100010011101000110001000000100001000011001000000110110001100000100011001001100001000000000101100100010011101000110001000000100001000011001000000110110001100000
010100000000000000011100010110001010100000111000000111000110100000101101000010100101110000000000010100000000000000011100010110001010100000111000000111000110100000101101000010100101110000000000
010101100010010001011010100001000100000011000100000000100100101010000010000010101100000000000000010101100010010001011010100001000100000011000100000000100100101010000010000010101100000000000000
100100011110110000111000001000001101001100010000001000101010000011010000010011001010000001100000100100011110110000111000001000001101001100010000001000101010000011010000010011001010000001100000
110001011011001011000000000111101011110100001100110000001010110001100100100001101001010001000000110001011011001011000000000111101011110100001100110000001010110001100100100001101001010001000000
100001110000011000101001010001100011001101101010100010010000001001001010100110001010000101000000100001110000011000101001010001100011001101101010100010010000001001001010100110001010000101000000
000010001000000001000000000000101100010111000110000000010010101000100000100011001000011001000000000010001000000001000000000000101100010111000110000000010010101000100000100011001000011001000000
110000001100011000000000000001100000000101110110010101110011010010000000100101000000110100100000110000001100011000000000000001100000000101110110010101110011010010000000100101000000110100100000
010100110010010001001101100110101010010010011000010011100100100011100001001000101100111100000000010100110010010001001101100110101010010010011000010011100100100011100001001000101100111100000000
001001010000100001101000010000000110000111001000010101000100011000000000010010001011110100110000001001010000100001101000010000000110000111001000010101000100011000000000010010001011110100110000
000110000000000000010110100000000110001100000110100001010100011000100110111000001000101001000000000110000000000000010110100000000110001100000110100001010100011000100110111000001000101001000000
000010000011100001101000000010001100000010010000111010010110111000110101100010000001000000010000000010000011100001101000000010001100000010010000111010010110111000110101100010000001000000010000
010011000100000010000100000110000001111000000000100100000101000000100101100001100111100101110000010011000100000010000100000110000001111000000000100100000101000000100101100001100111100101110000
001001100010101010011110010011000011011000000110010100001011010010000001100110101110000001000000001001100010101010011110010011000011011000000110010100001011010010000001100110101110000001000000

observable
111011000100110001100010101100000000000000000000000000000000000000000000000000000000000000000000000000000000000000000000000000000000000000000000000000000000000000000000000000000000000000000000

X checks
111111111111111100000000000000000000000000000000000000000000000000000000000000000000000000000000000000000000000000000000000000000000000000000000000000000000000000000000000000000000000000000000
000000000000000011111111111111110000000000000000000000000000000000000000000000000000000000000000000000000000000000000000000000000000000000000000000000000000000000000000000000000000000000000000
000000000000000000000000000000001111111111111111000000000000000000000000000000000000000000000000000000000000000000000000000000000000000000000000000000000000000000000000000000000000000000000000
000000000000000000000000000000000000000000000000111111111111111100000000000000000000000000000000000000000000000000000000000000000000000000000000000000000000000000000000000000000000000000000000
000000000000000000000000000000000000000000000000000000000000000011111111111111110000000000000000000000000000000000000000000000000000000000000000000000000000000000000000000000000000000000000000
000000000000000000000000000000000000000000000000000000000000000000000000000000001111111111111111000000000000000000000000000000000000000000000000000000000000000000000000000000000000000000000000
000000000000000000000000000000000000000000000000000000000000000000000000000000000000000000000000111111111111111100000000000000000000000000000000000000000000000000000000000000000000000000000000
000000000000000000000000000000000000000000000000000000000000000000000000000000000000000000000000000000000000000011111111111111110000000000000000000000000000000000000000000000000000000000000000
000000000000000000000000000000000000000000000000000000000000000000000000000000000000000000000000000000000000000000000000000000001111111111111111000000000000000000000000000000000000000000000000
000000000000000000000000000000000000000000000000000000000000000000000000000000000000000000000000000000000000000000000000000000000000000000000000111111111111111100000000000000000000000000000000
000000000000000000000000000000000000000000000000000000000000000000000000000000000000000000000000000000000000000000000000000000000000000000000000000000000000000011111111111111110000000000000000
000000000000000000000000000000000000000000000000000000000000000000000000000000000000000000000000000000000000000000000000000000000000000000000000000000000000000000000000000000001111111111111111
110110100100110011011010010011001101101001001100110110100100110011011010010011001101101001001100000000000000000000000000000000000000000000000000000000000000000000000000000000000000000000000000
101001011100110010100101110011001010010111001100101001011100110010100101110011001010010111001100000000000000000000000000000000000000000000000000000000000000000000000000000000000000000000000000
100101101010101010010110101010101001011010101010100101101010101010010110101010101001011010101010000000000000000000000000000000000000000000000000000000000000000000000000000000000000000000000000
100010111001011010001011100101101000101110010110100010111001011010001011100101101000101110010110000000000000000000000000000000000000000000000000000000000000000000000000000000000000000000000000
000000000000000000000000000000000000000000000000000000000000000000000000000000000000000000000000110110100100110011011010010011001101101001001100110110100100110011011010010011001101101001001100
000000000000000000000000000000000000000000000000000000000000000000000000000000000000000000000000101001011100110010100101110011001010010111001100101001011100110010100101110011001010010111001100
000000000000000000000000000000000000000000000000000000000000000000000000000000000000000000000000100101101010101010010110101010101001011010101010100101101010101010010110101010101001011010101010
000000000000000000000000000000000000000000000000000000000000000000000000000000000000000000000000100010111001011010001011100101101000101110010110100010111001011010001011100101101000101110010110
100010000101101010011100100110100000000110000000001011000000001001110001100100000011111000100000100010000101101010011100100110100000000110000000001011000000001001110001100100000011111000100000
000111101010000011100100001100000100000101011010000000100001000011000001000010000100101001000000000111101010000011100100001100000100000101011010000000100001000011000001000010000100101001000000
010110010011000001000011000000101000000110100000000011100010011000101100011001000010000001000000010110010011000001000011000000101000000110100000000011100010011000101100011001000010000001000000
001100000010100000100010010000100010010000111100010010100011111000010010100100001000000000001000001100000010100000100010010000100010010000111100010010100011111000010010100100001000000000001000
101001101000001010011111001101101010011000000000100110000001000000010100000001101000100100001000101001101000001010011111001101101010011000000000100110000001000000010100000001101000100100001000
111000001011000000000000100011100000010101110100011011010010000010010000000011000000010100000000111000001011000000000000100011100000010101110100011011010010000010010000000011000000010100000000
001010100000100000110111110000101010000101100010000100000100000010010011011000001000010000000000001010100000100000110111110000101010000101100010000100000100000010010011011000001000010000000000
001011001000000000000010001100100011000100100110001100010000010000100010100111001100010000100000001011001000000000000010001100100011000100100110001100010000010000100010100111001100010000100000
100111100101001000110000001001001001110000011110100000001000101010010100010000000100000101001000100111100101001000110000001001001001110000011110100000001000101010010100010000000100000101001000
010101010001001000101000000101000110111010010010100000000101010000001100101101000000100001101000010101010001001000101000000101000110111010010010100000000101010000001100101101000000100001101000
011000001001000010111011000010100000101001000100100000001001001001000101101001000000000100001000011000001001000010111011000010100000101001000100100000001001001001000101101001000000000100001000
011100000111000000010000011001000000010001000000001110001110000000000000000000001110011100000000011100000111000000010000011001000000010001000000001110001110000000000000000000001110011100000000
100010010110111001000100000010100011010010000110111001000001100000000111000101100100010000101000100010010110111001000100000010100011010010000110111001000001100000000111000101100100010000101000
110001100101000010111010000010001000000010000110000001110000001010000101011100001010000000000000110001100101000010111010000010001000000010000110000001110000001010000101011100001010000000000000
110001001000000011000010000100001011010110111010000001000001000000100000010100101001110100100000110001001000000011000010000100001011010110111010000001000001000000100000010100101001110100100000
000001000010000001110001011000000001000101001000001100110001010001110000100111100010000001000000000001000010000001110001011000000001000101001000001100110001010001110000100111100010000001000000
111010011000110000000111011010001100000000000000000001001110000010011110000010000011100001000000111010011000110000000111011010001100000000000000000001001110000010011110000010000011100001000000
000000000110101011011011000000000100010000000000010001010000111000100011000001000101111000100000000000000110101011011011000000000100010000000000010001010000111000100011000001000101111000100000
101000001101010000100100100011100010101000000100011001101101010000010000100000000100100100100000101000001101010000100100100011100010101000000100011001101101010000010000100000000100100100100000
100011001101110000011000000000000100000000100000001101101101100000110000000110000001011000001000100011001101110000011000000000000100000000100000001101101101100000110000000110000001011000001000
