Z checks
111111111111111100000000000000000000000000000000000000000000000000000000000000000000000000000000000000000000000000000000000000000000000000000000000000000000000000000000000000000000000000000000
000000000000000011111111111111110000000000000000000000000000000000000000000000000000000000000000000000000000000000000000000000000000000000000000000000000000000000000000000000000000000000000000
000000000000000000000000000000001111111111111111000000000000000000000000000000000000000000000000000000000000000000000000000000000000000000000000000000000000000000000000000000000000000000000000
000000000000000000000000000000000000000000000000111111111111111100000000000000000000000000000000000000000000000000000000000000000000000000000000000000000000000000000000000000000000000000000000
000000000000000000000000000000000000000000000000000000000000000011111111111111110000000000000000000000000000000000000000000000000000000000000000000000000000000000000000000000000000000000000000
000000000000000000000000000000000000000000000000000000000000000000000000000000001111111111111111000000000000000000000000000000000000000000000000000000000000000000000000000000000000000000000000
000000000000000000000000000000000000000000000000000000000000000000000000000000000000000000000000111111111111111100000000000000000000000000000000000000000000000000000000000000000000000000000000
000000000000000000000000000000000000000000000000000000000000000000000000000000000000000000000000000000000000000011111111111111110000000000000000000000000000000000000000000000000000000000000000
000000000000000000000000000000000000000000000000000000000000000000000000000000000000000000000000000000000000000000000000000000001111111111111111000000000000000000000000000000000000000000000000
000000000000000000000000000000000000000000000000000000000000000000000000000000000000000000000000000000000000000000000000000000000000000000000000111111111111111100000000000000000000000000000000
000000000000000000000000000000000000000000000000000000000000000000000000000000000000000000000000000000000000000000000000000000000000000000000000000000000000000011111111111111110000000000000000
000000000000000000000000000000000000000000000000000000000000000000000000000000000000000000000000000000000000000000000000000000000000000000000000000000000000000000000000000000001111111111111111
101001011011001010100101101100100101101001001101010110100100110110100101101100101010010110110010000000000000000000000000000000000000000000000000000000000000000000000000000000000000000000000000
001001011100110100100101110011011101101000110010110110100011001011011010001100100010010111001101000000000000000000000000000000000000000000000000000000000000000000000000000000000000000000000000
000101101010101100010110101010111110100101010100111010010101010011101001010101000001011010101011000000000000000000000000000000000000000000000000000000000000000000000000000000000000000000000000
000010111001011100001011100101111111010001101000111101000110100011110100011010000000101110010111000000000000000000000000000000000000000000000000000000000000000000000000000000000000000000000000
000000000000000000000000000000000000000000000000000000000000000000000000000000000000000000000000101001011011001010100101101100100101101001001101010110100100110110100101101100101010010110110010
000000000000000000000000000000000000000000000000000000000000000000000000000000000000000000000000001001011100110100100101110011011101101000110010110110100011001011011010001100100010010111001101
000000000000000000000000000000000000000000000000000000000000000000000000000000000000000000000000000101101010101100010110101010111110100101010100111010010101010011101001010101000001011010101011
000000000000000000000000000000000000000000000000000000000000000000000000000000000000000000000000000010111001011100001011100101111111010001101000111101000110100011110100011010000000101110010111
000001000111000010000000100000000001000010001010010001000000000001000100000000110100110100000000000001000111000010000000100000000001000010001010010001000000000001000100000000110100110100000000
111000011010000000000000000000001000100000010010000101010000010000101100000000010000000100000100111000011010000000000000000000001000100000010010000101010000010000101100000000010000000100000100
001000000000000110000001100010000000010010000000000011101010001000010000001000000100010001001000001000000000000110000001100010000000010010000000000011101010001000010000001000000100010001001000
100000100101000000011010000100000001011100000000000001100000000000001001100001000010000000000100100000100101000000011010000100000001011100000000000001100000000000001001100001000010000000000100
001001000001100010001001100000000000010000000001100001100000000101000000101100001000000000001000001001000001100010001001100000000000010000000001100001100000000101000000101100001000000000001000
000000110100010000100100001001000000001001000000000001101000100000000000000110110011000000000011000000110100010000100100001001000000001001000000000001101000100000000000000110110011000000000011
000000000010011110100010000000011000010000001100000000000010010000000000110010011100000011000000000000000010011110100010000000011000010000001100000000000010010000000000110010011100000011000000
011000100010000000100000001101000000000110000000001010000000110001001000010000010010010001000001011000100010000000100000001101000000000110000000001010000000110001001000010000010010010001000001
001010100100010100010100000000001100000000011000100100010000000100000101110000000001000000010000001010100100010100010100000000001100000000011000100100010000000100000101110000000001000000010000
100000001010100000101000000000000101000001010000000000010100110001000001000110000010100000000011100000001010100000101000000000000101000001010000000000010100110001000001000110000010100000000011
010011010010000100100011000010000000001011100011000000000000000010100000100001000000010000100000010011010010000100100011000010000000001011100011000000000000000010100000100001000000010000100000
000000000000000000000000010010001010000000100010011110100000010000000010000000010010100011011011000000000000000000000000010010001010000000100010011110100000010000000010000000010010100011011011
000000100000010001000101010000000000000111000001000000000010010010000000001111010100001000101000000000100000010001000101010000000000000111000001000000000010010010000000001111010100001000101000
101100000000001010000000000100000000001110000001010001000001001000101000000000001000001001100110101100000000001010000000000100000000001110000001010001000001001000101000000000001000001001100110
000010100010010000001001000000000001000000000001100110101000100000000100010100011010100001000000000010100010010000001001000000000001000000000001100110101000100000000100010100011010100001000000
100000000000000110000000100000001010000100001011001000000110010000000100101000101000001100100000100000000000000110000000100000001010000100001011001000000110010000000100101000101000001100100000
000001011000001001001100001001010000000000000000110000000000000000000000101010101001000010011100000001011000001001001100001001010000000000000000110000000000000000000000101010101001000010011100
000000110001001010111010001000000000000000010010000001001010100000000011000000000100000010110000000000110001001010111010001000000000000000010010000001001010100000000011000000000100000010110000
001010000000000001001000000000000101010010010100000000011011000011000010000000100000010101100000001010000000000001001000000000000101010010010100000000011011000011000010000000100000010101100000

observable
001110000001000010110000100000000000000000000000000000000000000000000000000000000000000000000000000000000000000000000000000000000000000000000000000000000000000000000000000000000000000000000000

X checks
111111111111111100000000000000000000000000000000000000000000000000000000000000000000000000000000000000000000000000000000000000000000000000000000000000000000000000000000000000000000000000000000
000000000000000011111111111111110000000000000000000000000000000000000000000000000000000000000000000000000000000000000000000000000000000000000000000000000000000000000000000000000000000000000000
000000000000000000000000000000001111111111111111000000000000000000000000000000000000000000000000000000000000000000000000000000000000000000000000000000000000000000000000000000000000000000000000
000000000000000000000000000000000000000000000000111111111111111100000000000000000000000000000000000000000000000000000000000000000000000000000000000000000000000000000000000000000000000000000000
000000000000000000000000000000000000000000000000000000000000000011111111111111110000000000000000000000000000000000000000000000000000000000000000000000000000000000000000000000000000000000000000
000000000000000000000000000000000000000000000000000000000000000000000000000000001111111111111111000000000000000000000000000000000000000000000000000000000000000000000000000000000000000000000000
000000000000000000000000000000000000000000000000000000000000000000000000000000000000000000000000111111111111111100000000000000000000000000000000000000000000000000000000000000000000000000000000
000000000000000000000000000000000000000000000000000000000000000000000000000000000000000000000000000000000000000011111111111111110000000000000000000000000000000000000000000000000000000000000000
000000000000000000000000000000000000000000000000000000000000000000000000000000000000000000000000000000000000000000000000000000001111111111111111000000000000000000000000000000000000000000000000
000000000000000000000000000000000000000000000000000000000000000000000000000000000000000000000000000000000000000000000000000000000000000000000000111111111111111100000000000000000000000000000000
000000000000000000000000000000000000000000000000000000000000000000000000000000000000000000000000000000000000000000000000000000000000000000000000000000000000000011111111111111110000000000000000
000000000000000000000000000000000000000000000000000000000000000000000000000000000000000000000000000000000000000000000000000000000000000000000000000000000000000000000000000000001111111111111111
110110100100110011011010010011001101101001001100110110100100110011011010010011000010010110110011000000000000000000000000000000000000000000000000000000000000000000000000000000000000000000000000
010110100011001110100101110011001010010111001100101001011100110010100101110011001010010111001100000000000000000000000000000000000000000000000000000000000000000000000000000000000000000000000000
011010010101010101101001010101011001011010101010100101101010101001101001010101010110100101010101000000000000000000000000000000000000000000000000000000000000000000000000000000000000000000000000
011101000110100110001011100101101000101110010110100010111001011001110100011010011000101110010110000000000000000000000000000000000000000000000000000000000000000000000000000000000000000000000000
000000000000000000000000000000000000000000000000000000000000000000000000000000000000000000000000110110100100110011011010010011001101101001001100110110100100110011011010010011000010010110110011
000000000000000000000000000000000000000000000000000000000000000000000000000000000000000000000000010110100011001110100101110011001010010111001100101001011100110010100101110011001010010111001100
000000000000000000000000000000000000000000000000000000000000000000000000000000000000000000000000011010010101010101101001010101011001011010101010100101101010101001101001010101010110100101010101
000000000000000000000000000000000000000000000000000000000000000000000000000000000000000000000000011101000110100110001011100101101000101110010110100010111001011001110100011010011000101110010110
100000001000000000001010001000100100000000100000100000010010100000010000110000100000100001000000100000001000000000001010001000100100000000100000100000010010100000010000110000100000100001000000
001000000000001001100000000000000010000010000000000000000001100010000101001000001110010000010100001000000000001001100000000000000010000010000000000000000001100010000101001000001110010000010100
000001000111000000000000100000010001000010001010010001000000000011000100000000100100110100000000000001000111000000000000100000010001000010001010010001000000000011000100000000100100110100000000
000000100100000000000010001000000000111010000000000000010100010100100010000101001000010000001100000000100100000000000010001000000000111010000000000000010100010100100010000101001000010000001100
100010000000000000000001100010010000010010000000000011101010001000010000001000000100010001000010100010000000000000000001100010010000010010000000000011101010001000010000001000000100010001000010
000001001000000001000000000100110110011000101000000001010001111000000000000000000000010000111000000001001000000001000000000100110110011000101000000001010001111000000000000000000000010000111000
100000000010011010100010000000010000010000001101000000000010010010000000110010000100000011000001100000000010011010100010000000010000010000001101000000000010010010000000110010000100000011000001
101000000110000001000000100101000000111000100000000000001100000010000001011100100010100000000000101000000110000001000000100101000000111000100000000000001100000010000001011100100010100000000000
000010001000000000010100000000000010101000000100011000100110100010000001001100001000100000001001000010001000000000010100000000000010101000000100011000100110100010000001001100001000100000001001
001000100000000010001001001000000101001000000010010011000011001000000001001001100000000010100000001000100000000010001001001000000101001000000010010011000011001000000001001001100000000010100000
000100001000000001011000000010000000100000000010001000011001000001100100100101111100000000000000000100001000000001011000000010000000100000000010001000011001000001100100100101111100000000000000
000000000000000000000000001010110010000100001100110000000110011000001000010010100100011010000000000000000000000000000000001010110010000100001100110000000110011000001000010010100100011010000000
000010000001000010000000101000010010100000000000000001101101001000000001000110010010001000100010000010000001000010000000101000010010100000000000000001101101001000000001000110010010001000100010
000010010001100000110010010000000111000000001000011000000000000000110000000001101000000001010010000010010001100000110010010000000111000000001000011000000000000000110000000001101000000001010010
100001000000101011010000000010001000100010000001010010000010001000000000000001100010000000100110100001000000101011010000000010001000100010000001010010000010001000000000000001100010000000100110
010100010011010001000110001010010000000100010110000000000000000000000100000000100100110010000000010100010011010001000110001010010000000100010110000000000000000000000100000000100100110010000000
101000000000000000000000100000011010001000000010000001100001000101110001000100011000000000110100101000000000000000000000100000011010001000000010000001100001000101110001000100011000000000110100
000100111000000010001001001000001011010100000010010111000001001001000100101000000000100000001000000100111000000010001001001000001011010100000010010111000001001001000100101000000000100000001000
100110000011000110000100000000000000000101000000000000110100000110001000000000001101000100110000100110000011000110000100000000000000000101000000000000110100000110001000000000001101000100110000
