Z checks
111111111111111100000000000000000000000000000000000000000000000000000000000000000000000000000000000000000000000000000000000000000000000000000000000000000000000000000000000000000000000000000000
000000000000000011111111111111110000000000000000000000000000000000000000000000000000000000000000000000000000000000000000000000000000000000000000000000000000000000000000000000000000000000000000
000000000000000000000000000000001111111111111111000000000000000000000000000000000000000000000000000000000000000000000000000000000000000000000000000000000000000000000000000000000000000000000000
000000000000000000000000000000000000000000000000111111111111111100000000000000000000000000000000000000000000000000000000000000000000000000000000000000000000000000000000000000000000000000000000
000000000000000000000000000000000000000000000000000000000000000011111111111111110000000000000000000000000000000000000000000000000000000000000000000000000000000000000000000000000000000000000000
000000000000000000000000000000000000000000000000000000000000000000000000000000001111111111111111000000000000000000000000000000000000000000000000000000000000000000000000000000000000000000000000
000000000000000000000000000000000000000000000000000000000000000000000000000000000000000000000000111111111111111100000000000000000000000000000000000000000000000000000000000000000000000000000000
000000000000000000000000000000000000000000000000000000000000000000000000000000000000000000000000000000000000000011111111111111110000000000000000000000000000000000000000000000000000000000000000
000000000000000000000000000000000000000000000000000000000000000000000000000000000000000000000000000000000000000000000000000000001111111111111111000000000000000000000000000000000000000000000000
000000000000000000000000000000000000000000000000000000000000000000000000000000000000000000000000000000000000000000000000000000000000000000000000111111111111111100000000000000000000000000000000
000000000000000000000000000000000000000000000000000000000000000000000000000000000000000000000000000000000000000000000000000000000000000000000000000000000000000011111111111111110000000000000000
000000000000000000000000000000000000000000000000000000000000000000000000000000000000000000000000000000000000000000000000000000000000000000000000000000000000000000000000000000001111111111111111
010110100100110101011010010011010101101001001101010110100100110101011010010011010101101001001101000000000000000000000000000000000000000000000000000000000000000000000000000000000000000000000000
001001011100110100100101110011010010010111001101001001011100110100100101110011010010010111001101000000000000000000000000000000000000000000000000000000000000000000000000000000000000000000000000
000101101010101100010110101010110001011010101011000101101010101100010110101010110001011010101011000000000000000000000000000000000000000000000000000000000000000000000000000000000000000000000000
000010111001011100001011100101110000101110010111000010111001011100001011100101110000101110010111000000000000000000000000000000000000000000000000000000000000000000000000000000000000000000000000
000000000000000000000000000000000000000000000000000000000000000000000000000000000000000000000000010110100100110101011010010011010101101001001101010110100100110101011010010011010101101001001101
000000000000000000000000000000000000000000000000000000000000000000000000000000000000000000000000001001011100110100100101110011010010010111001101001001011100110100100101110011010010010111001101
000000000000000000000000000000000000000000000000000000000000000000000000000000000000000000000000000101101010101100010110101010110001011010101011000101101010101100010110101010110001011010101011
000000000000000000000000000000000000000000000000000000000000000000000000000000000000000000000000000010111001011100001011100101110000101110010111000010111001011100001011100101110000101110010111
100100010100110011010100111111001010001101110100000011000100111010001101101111100100010100010000100100010100110011010100111111001010001101110100000011000100111010001101101111100100010100010000
011011111110010001010110110010101110110111010100001110111111010001111110000001101101110001000000011011111110010001010110110010101110110111010100001110111111010001111110000001101101110001000000
010100000100010010111110011110000110110111101100000010110110001011010001001011100011110101110000010100000100010010111110011110000110110111101100000010110110001011010001001011100011110101110000
110100011010110010110111000101000110110000010010000111110100101001010010000111001000110101100000110100011010110010110111000101000110110000010010000111110100101001010010000111001000110101100000
101100001110000011101111100010101100000110011110100001101010100001110010010000100111101101100000101100001110000011101111100010101100000110011110100001101010100001110010010000100111101101100000
111100101110000000100111101010100011011011010100010111001001101011111101001101000011011000110000111100101110000000100111101010100011011011010100010111001001101011111101001101000011011000110000
100110000101100011100101000010001011101100100010101010011111000010111010111011001011010100100000100110000101100011100101000010001011101100100010101010011111000010111010111011001011010100100000
110000100010000011001101011010001110100001101010011011111110100011011101100110100110010100110000110000100010000011001101011010001110100001101010011011111110100011011101100110100110010100110000
010111011101101011100000010001101110010100001000100011100110000010110100000111100110101001010000010111011101101011100000010001101110010100001000100011100110000010110100000111100110101001010000
011101101100100010100010110011100100101101000010000001101100000000101011111100000110000100010000011101101100100010100010110011100100101101000010000001101100000000101011111100000110000100010000
001010011100100000100000100010101111100100001010110101001101001000100000001100100101100100110000001010011100100000100000100010101111100100001010110101001101001000100000001100100101100100110000
001001110010100011110010011001000111100011011000101101100010000001100111100110000110011101000000001001110010100011110010011001000111100011011000101101100010000001100111100110000110011101000000
010111000110110010000100010100001011011011111110100111000011000010101101100000001110010101110000010111000110110010000100010100001011011011111110100111000011000010101101100000001110010101110000
101011000100010000001110010101000110100100111100011101001010011011010001010011101011010101000000101011000100010000001110010101000110100100111100011101001010011011010001010011101011010101000000
110111111100010011111101001100101110011001011000011011001111011001011101101000101011111101110000110111111100010011111101001100101110011001011000011011001111011001011101101000101011111101110000
110001111100010011101110111110101000011000000100011010110100011000001110011011100011011100010000110001111100010011101110111110101000011000000100011010110100011000001110011011100011011100010000
010100001000010000001001001011100001000110011100011010101101001000000100110100000000001001000000010100001000010000001001001011100001000110011100011010101101001000000100110100000000001001000000
001011010100010011110101001111001110000001011000011010010110101010001000110011001011100000000000001011010100010011110101001111001110000001011000011010010110101010001000110011001011100000000000
111111000000000011110000000000001111100001011110100010011000101001110111110110001011110001110000111111000000000011110000000000001111100001011110100010011000101001110111110110001011110001110000

X checks
111111111111111100000000000000000000000000000000000000000000000000000000000000000000000000000000000000000000000000000000000000000000000000000000000000000000000000000000000000000000000000000000
000000000000000011111111111111110000000000000000000000000000000000000000000000000000000000000000000000000000000000000000000000000000000000000000000000000000000000000000000000000000000000000000
000000000000000000000000000000001111111111111111000000000000000000000000000000000000000000000000000000000000000000000000000000000000000000000000000000000000000000000000000000000000000000000000
000000000000000000000000000000000000000000000000111111111111111100000000000000000000000000000000000000000000000000000000000000000000000000000000000000000000000000000000000000000000000000000000
000000000000000000000000000000000000000000000000000000000000000011111111111111110000000000000000000000000000000000000000000000000000000000000000000000000000000000000000000000000000000000000000
000000000000000000000000000000000000000000000000000000000000000000000000000000001111111111111111000000000000000000000000000000000000000000000000000000000000000000000000000000000000000000000000
000000000000000000000000000000000000000000000000000000000000000000000000000000000000000000000000111111111111111100000000000000000000000000000000000000000000000000000000000000000000000000000000
000000000000000000000000000000000000000000000000000000000000000000000000000000000000000000000000000000000000000011111111111111110000000000000000000000000000000000000000000000000000000000000000
000000000000000000000000000000000000000000000000000000000000000000000000000000000000000000000000000000000000000000000000000000001111111111111111000000000000000000000000000000000000000000000000
000000000000000000000000000000000000000000000000000000000000000000000000000000000000000000000000000000000000000000000000000000000000000000000000111111111111111100000000000000000000000000000000
000000000000000000000000000000000000000000000000000000000000000000000000000000000000000000000000000000000000000000000000000000000000000000000000000000000000000011111111111111110000000000000000
000000000000000000000000000000000000000000000000000000000000000000000000000000000000000000000000000000000000000000000000000000000000000000000000000000000000000000000000000000001111111111111111
110110100100110011011010010011001101101001001100110110100100110011011010010011001101101001001100000000000000000000000000000000000000000000000000000000000000000000000000000000000000000000000000
101001011100110010100101110011001010010111001100101001011100110010100101110011001010010111001100000000000000000000000000000000000000000000000000000000000000000000000000000000000000000000000000
100101101010101010010110101010101001011010101010100101101010101010010110101010101001011010101010000000000000000000000000000000000000000000000000000000000000000000000000000000000000000000000000
100010111001011010001011100101101000101110010110100010111001011010001011100101101000101110010110000000000000000000000000000000000000000000000000000000000000000000000000000000000000000000000000
000000000000000000000000000000000000000000000000000000000000000000000000000000000000000000000000110110100100110011011010010011001101101001001100110110100100110011011010010011001101101001001100
000000000000000000000000000000000000000000000000000000000000000000000000000000000000000000000000101001011100110010100101110011001010010111001100101001011100110010100101110011001010010111001100
000000000000000000000000000000000000000000000000000000000000000000000000000000000000000000000000100101101010101010010110101010101001011010101010100101101010101010010110101010101001011010101010
000000000000000000000000000000000000000000000000000000000000000000000000000000000000000000000000100010111001011010001011100101101000101110010110100010111001011010001011100101101000101110010110
110110110000000001110001010011100000011011000110110101100000001000101000000011000110000000101000110110110000000001110001010011100000011011000110110101100000001000101000000011000110000000101000
110101100100000001111000100100001011110001110000000101011010111001010000010111001000110101100000110101100100000001111000100100001011110001110000000101011010111001010000010111001000110101100000
100101101110111001010111001011001111101101000110100111011100100000111000011110100101010000100000100101101110111001010111001011001111101101000110100111011100100000111000011110100101010000100000
001001000001111000010010101001101011011001011110110001010000011010001000010100001101011100101000001001000001111000010010101001101011011001011110110001010000011010001000010100001101011100101000
110011000111100010100011000100101000110100000110110010100011000001000001001001000100100000000000110011000111100010100011000100101000110100000110110010100011000001000001001001000100100000000000
101110100001000010011111010110101000111000100100111001000110101000111010001110101000111001001000101110100001000010011111010110101000111000100100111001000110101000111010001110101000111001001000
101011100111110011001011001011001001010100000110100001111101010010010100110010001001101100001000101011100111110011001011001011001001010100000110100001111101010010010100110010001001101100001000
100010011011011000111001000000000001110000000010111001000111111000101001111100101110111000101000100010011011011000111001000000000001110000000010111001000111111000101001111100101110111000101000
101010111111111011001110011000101100101100101100101000000100010010011010001110100011101100001000101010111111111011001110011000101100101100101100101000000100010010011010001110100011101100001000
010000011100011001100101110000001111001110110010101111100011000010010011000000001101100101101000010000011100011001100101110000001111001110110010101111100011000010010011000000001101100101101000
001011111001001000001110110100001010100010101110100001010111011000001110011010000111011101100000001011111001001000001110110100001010100010101110100001010111011000001110011010000111011101100000
110101101000110010100011110000000101011010000010111001111000010001001001110000101011011001101000110101101000110010100011110000000101011010000010111001111000010001001001110000101011011001101000
001000011101111000100001111000100001001101001100001110011000001000001000001100100100000001000000001000011101111000100001111000100001001101001100001110011000001000001000001100100100000001000000
100110010000011001101100111010000000101110000000000101100001101011001100000011001010100000001000100110010000011001101100111010000000101110000000000101100001101011001100000011001010100000001000
110111011000100001011000100000000100001111101010101101101011101010000111111011100001101001000000110111011000100001011000100000000100001111101010101101101011101010000111111011100001101001000000
100011000101001000011010100100100111001001101100111000001101000010000101111110001011110000001000100011000101001000011010100100100111001001101100111000001101000010000101111110001011110000001000
010100010101111001011000111101000100000001000110001110110000100001010101000010101010110001100000010100010101111001011000111101000100000001000110001110110000100001010101000010101010110001100000
011001111111100011101000011111101111110100011010000010111101011010010101100011101010010101001000011001111111100011101000011111101111110100011010000010111101011010010101100011101010010101001000
000011111110100001111011111010000111001110110110000000100110001010000011110011101100100001101000000011111110100001111011111010000111001110110110000000100110001010000011110011101100100001101000
