Z checks
111111111111111100000000000000000000000000000000000000000000000000000000000000000000000000000000000000000000000000000000000000000000000000000000000000000000000000000000000000000000000000000000
000000000000000011111111111111110000000000000000000000000000000000000000000000000000000000000000000000000000000000000000000000000000000000000000000000000000000000000000000000000000000000000000
000000000000000000000000000000001111111111111111000000000000000000000000000000000000000000000000000000000000000000000000000000000000000000000000000000000000000000000000000000000000000000000000
000000000000000000000000000000000000000000000000111111111111111100000000000000000000000000000000000000000000000000000000000000000000000000000000000000000000000000000000000000000000000000000000
000000000000000000000000000000000000000000000000000000000000000011111111111111110000000000000000000000000000000000000000000000000000000000000000000000000000000000000000000000000000000000000000
000000000000000000000000000000000000000000000000000000000000000000000000000000001111111111111111000000000000000000000000000000000000000000000000000000000000000000000000000000000000000000000000
000000000000000000000000000000000000000000000000000000000000000000000000000000000000000000000000111111111111111100000000000000000000000000000000000000000000000000000000000000000000000000000000
000000000000000000000000000000000000000000000000000000000000000000000000000000000000000000000000000000000000000011111111111111110000000000000000000000000000000000000000000000000000000000000000
000000000000000000000000000000000000000000000000000000000000000000000000000000000000000000000000000000000000000000000000000000001111111111111111000000000000000000000000000000000000000000000000
000000000000000000000000000000000000000000000000000000000000000000000000000000000000000000000000000000000000000000000000000000000000000000000000111111111111111100000000000000000000000000000000
000000000000000000000000000000000000000000000000000000000000000000000000000000000000000000000000000000000000000000000000000000000000000000000000000000000000000011111111111111110000000000000000
000000000000000000000000000000000000000000000000000000000000000000000000000000000000000000000000000000000000000000000000000000000000000000000000000000000000000000000000000000001111111111111111
010110100100110101011010010011010101101001001101010110100100110101011010010011010101101001001101000000000000000000000000000000000000000000000000000000000000000000000000000000000000000000000000
001001011100110100100101110011010010010111001101001001011100110100100101110011010010010111001101000000000000000000000000000000000000000000000000000000000000000000000000000000000000000000000000
000101101010101100010110101010110001011010101011000101101010101100010110101010110001011010101011000000000000000000000000000000000000000000000000000000000000000000000000000000000000000000000000
000010111001011100001011100101110000101110010111000010111001011100001011100101110000101110010111000000000000000000000000000000000000000000000000000000000000000000000000000000000000000000000000
000000000000000000000000000000000000000000000000000000000000000000000000000000000000000000000000010110100100110101011010010011010101101001001101010110100100110101011010010011010101101001001101
000000000000000000000000000000000000000000000000000000000000000000000000000000000000000000000000001001011100110100100101110011010010010111001101001001011100110100100101110011010010010111001101
000000000000000000000000000000000000000000000000000000000000000000000000000000000000000000000000000101101010101100010110101010110001011010101011000101101010101100010110101010110001011010101011
000000000000000000000000000000000000000000000000000000000000000000000000000000000000000000000000000010111001011100001011100101110000101110010111000010111001011100001011100101110000101110010111
000111000111101010110101101111001011101101101010111000000000111011110011001111000000010100000000000111000111101010110101101111001011101101101010111000000000111011110011001111000000010100000000
010110110011010010111111000001000010011110111110001100100111000011010111001010000100011101010000010110110011010010111111000001000010011110111110001100100111000011010111001010000100011101010000
101010011101001001100001110100000001010001000100111010101100111010101111011000000000001100000000101010011101001001100001110100000001010001000100111010101100111010101111011000000000001100000000
110011010010000000001000000001000011010011111110011000001101111010001101111000100010000100110000110011010010000000001000000001000011010011111110011000001101111010001101111000100010000100110000
101101110110101010011111010111000000000100001110101000010001000001010110110001101010100000100000101101110110101010011111010111000000000100001110101000010001000001010110110001101010100000100000
101101111010110011101110100100001111100010011000111111010101111001110000011000101110111100010000101101111010110011101110100100001111100010011000111111010101111001110000011000101110111100010000
010111011011101001010111100011000101011111001110001010011000000010100011111100000110001101100000010111011011101001010111100011000101011111001110001010011000000010100011111100000110001101100000
011100111001001010101111010111000000111010101110100001011000101001011101101111000100110100110000011100111001001010101111010111000000111010101110100001011000101001011101101111000100110100110000
101010101101111010001011100010000100001111000100111110010101000001100011100110101000001100100000101010101101111010001011100010000100001111000100111110010101000001100011100110101000001100100000
010001100001101011110110000000000000010001011000111010011111001010101111001010001010101000110000010001100001101011110110000000000000010001011000111010011111001010101111001010001010101000110000
111111001011001000010100011110001101001110101000001100110000101000001111011011001011100001010000111111001011001000010100011110001101001110101000001100110000101000001111011011001011100001010000
011011000001001011110100111000001010100100000110010100000001001000000001001011001000010000110000011011000001001011110100111000001010100100000110010100000001001000000001001011001000010000110000
000110010101010010011101000001000101100111110000001111011100111001111000011100100110111100110000000110010101010010011101000001000101100111110000001111011100111001111000011100100110111100110000
011011100011111010000110110010001101000110011100000010011011100010011100101111101010100101100000011011100011111010000110110010001101000110011100000010011011100010011100101111101010100101100000
001011100001111001101010110010101010111011111000010001100100011011110101000110000010010000000000001011100001111001101010110010101010111011111000010001100100011011110101000110000010010000000000
011010100101000001001010000010000111001100110100010000100100010001000100100100000100100101110000011010100101000001001010000010000111001100110100010000100100010001000100100100000100100101110000
000110001000111010110000011010000000000010000100101000100000001001101111101110000110000100100000000110001000111010110000011010000000000010000100101000100000001001101111101110000110000100100000
000110111111000010001100100000001001111100001010000011010101010010011000100011000010111101000000000110111111000010001100100000001001111100001010000011010101010010011000100011000010111101000000
010110011101010001100111100011000000101110001010010110001100111001010100101001001011111001010000010110011101010001100111100011000000101110001010010110001100111001010100101001001011111001010000
111101101100000011011111100110001011110011111000001000001101000010111010000010001100010000010000111101101100000011011111100110001011110011111000001000001101000010111010000010001100010000010000

observable
111011100011101000000100011100000000000000000000000000000000000000000000000000000000000000000000000000000000000000000000000000000000000000000000000000000000000000000000000000000000000000000000

X checks
111111111111111100000000000000000000000000000000000000000000000000000000000000000000000000000000000000000000000000000000000000000000000000000000000000000000000000000000000000000000000000000000
000000000000000011111111111111110000000000000000000000000000000000000000000000000000000000000000000000000000000000000000000000000000000000000000000000000000000000000000000000000000000000000000
000000000000000000000000000000001111111111111111000000000000000000000000000000000000000000000000000000000000000000000000000000000000000000000000000000000000000000000000000000000000000000000000
000000000000000000000000000000000000000000000000111111111111111100000000000000000000000000000000000000000000000000000000000000000000000000000000000000000000000000000000000000000000000000000000
000000000000000000000000000000000000000000000000000000000000000011111111111111110000000000000000000000000000000000000000000000000000000000000000000000000000000000000000000000000000000000000000
000000000000000000000000000000000000000000000000000000000000000000000000000000001111111111111111000000000000000000000000000000000000000000000000000000000000000000000000000000000000000000000000
000000000000000000000000000000000000000000000000000000000000000000000000000000000000000000000000111111111111111100000000000000000000000000000000000000000000000000000000000000000000000000000000
000000000000000000000000000000000000000000000000000000000000000000000000000000000000000000000000000000000000000011111111111111110000000000000000000000000000000000000000000000000000000000000000
000000000000000000000000000000000000000000000000000000000000000000000000000000000000000000000000000000000000000000000000000000001111111111111111000000000000000000000000000000000000000000000000
000000000000000000000000000000000000000000000000000000000000000000000000000000000000000000000000000000000000000000000000000000000000000000000000111111111111111100000000000000000000000000000000
000000000000000000000000000000000000000000000000000000000000000000000000000000000000000000000000000000000000000000000000000000000000000000000000000000000000000011111111111111110000000000000000
000000000000000000000000000000000000000000000000000000000000000000000000000000000000000000000000000000000000000000000000000000000000000000000000000000000000000000000000000000001111111111111111
110110100100110011011010010011001101101001001100110110100100110011011010010011001101101001001100000000000000000000000000000000000000000000000000000000000000000000000000000000000000000000000000
101001011100110010100101110011001010010111001100101001011100110010100101110011001010010111001100000000000000000000000000000000000000000000000000000000000000000000000000000000000000000000000000
100101101010101010010110101010101001011010101010100101101010101010010110101010101001011010101010000000000000000000000000000000000000000000000000000000000000000000000000000000000000000000000000
100010111001011010001011100101101000101110010110100010111001011010001011100101101000101110010110000000000000000000000000000000000000000000000000000000000000000000000000000000000000000000000000
000000000000000000000000000000000000000000000000000000000000000000000000000000000000000000000000110110100100110011011010010011001101101001001100110110100100110011011010010011001101101001001100
000000000000000000000000000000000000000000000000000000000000000000000000000000000000000000000000101001011100110010100101110011001010010111001100101001011100110010100101110011001010010111001100
000000000000000000000000000000000000000000000000000000000000000000000000000000000000000000000000100101101010101010010110101010101001011010101010100101101010101010010110101010101001011010101010
000000000000000000000000000000000000000000000000000000000000000000000000000000000000000000000000100010111001011010001011100101101000101110010110100010111001011010001011100101101000101110010110
110111100011011000010000000011100001111011011000010001011011110001010110100011101101111101000000110111100011011000010000000011100001111011011000010001011011110001010110100011101101111101000000
101011010001000010010001001000000111011001100100011000111010101011111001000011000001011000001000101011010001000010010001001000000111011001100100011000111010101011111001000011000001011000001000
000101110000011010001000111110101111110101101110011111000001101000111001101101001110101000100000000101110000011010001000111110101111110101101110011111000001101000111001101101001110101000100000
101101100011100001000100111000100111100000011000001011000011100010111110111110101001001000100000101101100011100001000100111000100111100000011000001011000011100010111110111110101001001000100000
010000000110010001011000010100101011100111111110011001100001111011101110001101100110111100101000010000000110010001011000010100101011100111111110011001100001111011101110001101100110111100101000
100001111101001011101110111011101111100011100110111111010010000000001111111000101110111101101000100001111101001011101110111011101111100011100110111111010010000000001111111000101110111101101000
011011001110111011000001001001101100000101100100101111110010101001001010101001001111010101001000011011001110111011000001001001101100000101100100101111110010101001001010101001001111010101001000
010001001001110001101000010100101011011001011110010000101000010011100101010011001111010101001000010001001001110001101000010100101011011001011110010000101000010011100101010011001111010101001000
100111111001110010010110110010100010000101111000111001000001001000000001001001101001111001101000100111111001110010010110110010100010000101111000111001000001001000000001001001101001111001101000
111110011110010010001001111111100000010001011000100101100000110011010000110101101101010101000000111110011110010010001001111111100000010001011000100101100000110011010000110101101101010101000000
000011110101101011100000011011100101100001000000110001110001110011111011011110101100110001001000000011110101101011100000011011100101100001000000110001110001110011111011011110101100110001001000
000100101100011001100010001101000011111111010010101110010011100011101000000001100001001001100000000100101100011001100010001101000011111111010010101110010011100011101000000001100001001001100000
000111000110100011111111110001100100010011001100001000001111001001100101010011100111001000000000000111000110100011111111110001100100010011001100001000001111001001100101010011100111001000000000
110101111001101011010111011011001000000000111000001001111110001011001101000110101111100001000000110101111001101011010111011011001000000000111000001001111110001011001101000110101111100001000000
111011110011010010000011111000000011100000101100101011110110110001100011110011001100110100100000111011110011010010000011111000000011100000101100101011110110110001100011110011001100110100100000
100111110001001000101000101101000001000110001000001000001111100000100110001011000010101101001000100111110001001000101000101101000001000110001000001000001111100000100110001011000010101101001000
110110101100001000010101110110101101101011001000000001111011000010110101111101001011101101100000110110101100001000010101110110101101101011001000000001111011000010110101111101001011101101100000
110110011011110000101001001100100011101010111000110101110001100000111101001111101111010100000000110110011011110000101001001100100011101010111000110101110001100000111101001111101111010100000000
001001000110011010111101110000001101000111000110100000101000001010001110111010000001101101100000001001000110011010111101110000001101000111000110100000101000001010001110111010000001101101100000
001101011010011010010011000000001111000001100000000100111011011011110110100100001000100000000000001101011010011010010011000000001111000001100000000100111011011011110110100100001000100000000000
