Z checks
1111111111111111000000000000000000000000000000000000000000000000000000000000000000000000000000000000000000000000000000000000000000000000000000000000000000000000000000000000000000000000000000000000000000000000000000000000000000000000000000000000000000000000
0000000000000000111111111111111100000000000000000000000000000000000000000000000000000000000000000000000000000000000000000000000000000000000000000000000000000000000000000000000000000000000000000000000000000000000000000000000000000000000000000000000000000000
0000000000000000000000000000000011111111111111110000000000000000000000000000000000000000000000000000000000000000000000000000000000000000000000000000000000000000000000000000000000000000000000000000000000000000000000000000000000000000000000000000000000000000
0000000000000000000000000000000000000000000000001111111111111111000000000000000000000000000000000000000000000000000000000000000000000000000000000000000000000000000000000000000000000000000000000000000000000000000000000000000000000000000000000000000000000000
0000000000000000000000000000000000000000000000000000000000000000111111111111111100000000000000000000000000000000000000000000000000000000000000000000000000000000000000000000000000000000000000000000000000000000000000000000000000000000000000000000000000000000
0000000000000000000000000000000000000000000000000000000000000000000000000000000011111111111111110000000000000000000000000000000000000000000000000000000000000000000000000000000000000000000000000000000000000000000000000000000000000000000000000000000000000000
0000000000000000000000000000000000000000000000000000000000000000000000000000000000000000000000001111111111111111000000000000000000000000000000000000000000000000000000000000000000000000000000000000000000000000000000000000000000000000000000000000000000000000
0000000000000000000000000000000000000000000000000000000000000000000000000000000000000000000000000000000000000000111111111111111100000000000000000000000000000000000000000000000000000000000000000000000000000000000000000000000000000000000000000000000000000000
0000000000000000000000000000000000000000000000000000000000000000000000000000000000000000000000000000000000000000000000000000000011111111111111110000000000000000000000000000000000000000000000000000000000000000000000000000000000000000000000000000000000000000
0000000000000000000000000000000000000000000000000000000000000000000000000000000000000000000000000000000000000000000000000000000000000000000000001111111111111111000000000000000000000000000000000000000000000000000000000000000000000000000000000000000000000000
0000000000000000000000000000000000000000000000000000000000000000000000000000000000000000000000000000000000000000000000000000000000000000000000000000000000000000111111111111111100000000000000000000000000000000000000000000000000000000000000000000000000000000
0000000000000000000000000000000000000000000000000000000000000000000000000000000000000000000000000000000000000000000000000000000000000000000000000000000000000000000000000000000011111111111111110000000000000000000000000000000000000000000000000000000000000000
0000000000000000000000000000000000000000000000000000000000000000000000000000000000000000000000000000000000000000000000000000000000000000000000000000000000000000000000000000000000000000000000001111111111111111000000000000000000000000000000000000000000000000
0000000000000000000000000000000000000000000000000000000000000000000000000000000000000000000000000000000000000000000000000000000000000000000000000000000000000000000000000000000000000000000000000000000000000000111111111111111100000000000000000000000000000000
0000000000000000000000000000000000000000000000000000000000000000000000000000000000000000000000000000000000000000000000000000000000000000000000000000000000000000000000000000000000000000000000000000000000000000000000000000000011111111111111110000000000000000
0000000000000000000000000000000000000000000000000000000000000000000000000000000000000000000000000000000000000000000000000000000000000000000000000000000000000000000000000000000000000000000000000000000000000000000000000000000000000000000000001111111111111111
0101101001001101101001011011001001011010010011011010010110110010101001011011001001011010010011011010010110110010101001011011001000000000000000000000000000000000000000000000000000000000000000000000000000000000000000000000000000000000000000000000000000000000
1101101000110010001001011100110100100101110011011101101000110010110110100011001011011010001100100010010111001101001001011100110100000000000000000000000000000000000000000000000000000000000000000000000000000000000000000000000000000000000000000000000000000000
0001011010101011111010010101010000010110101010110001011010101011111010010101010011101001010101000001011010101011000101101010101100000000000000000000000000000000000000000000000000000000000000000000000000000000000000000000000000000000000000000000000000000000
1111010001101000000010111001011100001011100101110000101110010111000010111001011111110100011010000000101110010111000010111001011100000000000000000000000000000000000000000000000000000000000000000000000000000000000000000000000000000000000000000000000000000000
0000000000000000000000000000000000000000000000000000000000000000000000000000000000000000000000000000000000000000000000000000000001011010010011011010010110110010010110100100110110100101101100101010010110110010101001011011001010100101101100101010010110110010
0000000000000000000000000000000000000000000000000000000000000000000000000000000000000000000000000000000000000000000000000000000011011010001100100010010111001101001001011100110111011010001100101101101000110010110110100011001000100101110011010010010111001101
0000000000000000000000000000000000000000000000000000000000000000000000000000000000000000000000000000000000000000000000000000000000010110101010111110100101010100000101101010101100010110101010111110100101010100111010010101010000010110101010110001011010101011
0000000000000000000000000000000000000000000000000000000000000000000000000000000000000000000000000000000000000000000000000000000011110100011010000000101110010111000010111001011100001011100101110000101110010111111101000110100000001011100101110000101110010111
0010010110000000010001000000000001101011010000000001000100000000100000000100011000010001000000000000101000011000010010100000001000100101100000000100010000000000011010110100000000010001000000001000000001000110000100010000000000001010000110000100101000000010
0010000000011100000000001010000001001100010000110011000000100010101010001000000000101000000100100000100000101010000000010000010000100000000111000000000010100000010011000100001100110000001000101010100010000000001010000001001000001000001010100000000100000100
1000000100000000000000101110000000000000101100100000001010001100000111110000000100100000000001000100110000000010010000000110000110000001000000000000001011100000000000001011001000000010100011000001111100000001001000000000010001001100000000100100000001100001
0000100000001110011000000100000110010010001000000000100001000000101000000101011000000000100100001000000000001000100010111000000100001000000011100110000001000001100100100010000000001000010000001010000001010110000000001001000010000000000010001000101110000001
1001000000000000000101110000110000000101000101001000000000010110001000000100011001000001011000000000111000100000010000000000000110010000000000000001011100001100000001010001010010000000000101100010000001000110010000010110000000001110001000000100000000000001
1010000001100011000000000001001010100000000000000110000011001001100000000000000100010000000001001100010110100000101010000000010010100000011000110000000000010010101000000000000001100000110010011000000000000001000100000000010011000101101000001010100000000100
0000100001011000101010000000010001001000000100100001001001001000100110101001000000000001110000010001100000000000000000001000100000001000010110001010100000000100010010000001001000010010010010001001101010010000000000011100000100011000000000000000000010001000
0000100100101110100010100001000010100001000000011000001010000001001000000100000000000000011100100000000100001000011100100101000000001001001011101000101000010000101000010000000110000010100000010010000001000000000000000111001000000001000010000111001001010000
1000000101001000110010100000000000001101000000011000101000110100001100000000000001010001101001000100000000000100100000000010101010000001010010001100101000000000000011010000000110001010001101000011000000000000010100011010010001000000000001001000000000101010
0100110100000000000000100100100101111100001000000000001011010000001000100000000001010000110000000100000100100001101000000011000001001101000000000000001001001001011111000010000000000010110100001101110111111111010100001100000001000001001000011010000000110000
0001010000010010010010000011101011010100000000000010000000000100010000000010010101000000100001010101000000110000000100000101000100010100000100100100100000111010110101000000000000100000000001000100000000100101010000001000010101010000001100000001000001010001
1000010000000000011000100100000000000001111010100000010001000110000000100000010000010111100000010000000101001010000100001000010110000100000000000110001001000000000000011110101000000100010001100000001000000100000101111000000100000001010010100001000010000101
0001000000010000101010010001001000000101100100000000100100000011000100100101000000110100000100001001100100000000011000010001000000010000000100001010100100010010000001011001000000001001000000110001001001010000001101000001000010011001000000000110000100010000
0010000000000001000100010010010001100000000000000000000011000000001100101010000100010110010000110100000101100000000001000101110100100000000000010001000100100100011000000000000000000000110000000011001010100001000101100100001101000001011000000000010001011101
0000010110110100010000010000000000001000000100111000000010001100110110111111111100101010000110010100010000001001010010000000101000000101101101000100000100000000000010000001001110000000100011000010010000000000001010100001100101000100000010010100100000001010
1001001110100000100110000110000100000011111010000010000001000000010000001000000001000001000000000001000000001000100110100001010010010011101000001001100001100001000000111110100000100000010000000100000010000000010000010000000000010000000010001001101000010100
1000101000111011100010001100011011001000100100100011001000001000100000101010000010100000100000010001100011100100110010001011000010001010001110111000100011000110110010001001001000110010000010001000001010100000101000001000000100011000111001001100100010110000
0000001111000011000010000100001100100010001010000100000001101000000110000100000100100000000000010000011000011000101000100010000000000011110000110000100001000011001000100010100001000000011010000001100001000001001000000000000100000110000110001010001000100000
1000001000110110000001100001001011000000010001000000000000110000000100001100000100000010000000010101001001100100100100100000010010000010001101100000011000010010110000000100010000000000001100000001000011000001000000100000000101010010011001001001001000000100
0000100101000010001101000100000000001110100000000000100000010110001000010000011000000011100001000101001100010001000000001000001000001001010000100011010001000000000011101000000000001000000101100010000100000110000000111000010001010011000100010000000010000010
0000000001000001010000110000001001000000000000100111011001000000000100001000000010000000110011011100000000000101011000100100100100000000010000010100001100000010010000000000001001110110010000000001000010000000100000001100110111000000000001010110001001001001

X checks
1111111111111111000000000000000000000000000000000000000000000000000000000000000000000000000000000000000000000000000000000000000000000000000000000000000000000000000000000000000000000000000000000000000000000000000000000000000000000000000000000000000000000000
0000000000000000111111111111111100000000000000000000000000000000000000000000000000000000000000000000000000000000000000000000000000000000000000000000000000000000000000000000000000000000000000000000000000000000000000000000000000000000000000000000000000000000
0000000000000000000000000000000011111111111111110000000000000000000000000000000000000000000000000000000000000000000000000000000000000000000000000000000000000000000000000000000000000000000000000000000000000000000000000000000000000000000000000000000000000000
0000000000000000000000000000000000000000000000001111111111111111000000000000000000000000000000000000000000000000000000000000000000000000000000000000000000000000000000000000000000000000000000000000000000000000000000000000000000000000000000000000000000000000
0000000000000000000000000000000000000000000000000000000000000000111111111111111100000000000000000000000000000000000000000000000000000000000000000000000000000000000000000000000000000000000000000000000000000000000000000000000000000000000000000000000000000000
0000000000000000000000000000000000000000000000000000000000000000000000000000000011111111111111110000000000000000000000000000000000000000000000000000000000000000000000000000000000000000000000000000000000000000000000000000000000000000000000000000000000000000
0000000000000000000000000000000000000000000000000000000000000000000000000000000000000000000000001111111111111111000000000000000000000000000000000000000000000000000000000000000000000000000000000000000000000000000000000000000000000000000000000000000000000000
0000000000000000000000000000000000000000000000000000000000000000000000000000000000000000000000000000000000000000111111111111111100000000000000000000000000000000000000000000000000000000000000000000000000000000000000000000000000000000000000000000000000000000
0000000000000000000000000000000000000000000000000000000000000000000000000000000000000000000000000000000000000000000000000000000011111111111111110000000000000000000000000000000000000000000000000000000000000000000000000000000000000000000000000000000000000000
0000000000000000000000000000000000000000000000000000000000000000000000000000000000000000000000000000000000000000000000000000000000000000000000001111111111111111000000000000000000000000000000000000000000000000000000000000000000000000000000000000000000000000
0000000000000000000000000000000000000000000000000000000000000000000000000000000000000000000000000000000000000000000000000000000000000000000000000000000000000000111111111111111100000000000000000000000000000000000000000000000000000000000000000000000000000000
0000000000000000000000000000000000000000000000000000000000000000000000000000000000000000000000000000000000000000000000000000000000000000000000000000000000000000000000000000000011111111111111110000000000000000000000000000000000000000000000000000000000000000
0000000000000000000000000000000000000000000000000000000000000000000000000000000000000000000000000000000000000000000000000000000000000000000000000000000000000000000000000000000000000000000000001111111111111111000000000000000000000000000000000000000000000000
0000000000000000000000000000000000000000000000000000000000000000000000000000000000000000000000000000000000000000000000000000000000000000000000000000000000000000000000000000000000000000000000000000000000000000111111111111111100000000000000000000000000000000
0000000000000000000000000000000000000000000000000000000000000000000000000000000000000000000000000000000000000000000000000000000000000000000000000000000000000000000000000000000000000000000000000000000000000000000000000000000011111111111111110000000000000000
0000000000000000000000000000000000000000000000000000000000000000000000000000000000000000000000000000000000000000000000000000000000000000000000000000000000000000000000000000000000000000000000000000000000000000000000000000000000000000000000001111111111111111
1000000001111111011111111000000010000000011111110111111110000000011111111000000010000000011111110111111110000000100000000111111100000000000000000000000000000000000000000000000000000000000000000000000000000000000000000000000000000000000000000000000000000000
0110100101010101100101101010101010010110101010101001011010101010100101101010101010010110101010101001011010101010100101101010101000000000000000000000000000000000000000000000000000000000000000000000000000000000000000000000000000000000000000000000000000000000
0101101000110011101001011100110010100101110011000101101000110011010110100011001110100101110011000101101000110011101001011100110000000000000000000000000000000000000000000000000000000000000000000000000000000000000000000000000000000000000000000000000000000000
0000101111101001000010111110100100001011111010011111010000010110000010111110100100001011111010010000101111101001000010111110100100000000000000000000000000000000000000000000000000000000000000000000000000000000000000000000000000000000000000000000000000000000
0000000000000000000000000000000000000000000000000000000000000000000000000000000000000000000000000000000000000000000000000000000011001100100110011100110010011001110011001001100100110011011001101100110010011001001100110110011000110011011001100011001101100110
0000000000000000000000000000000000000000000000000000000000000000000000000000000000000000000000000000000000000000000000000000000011000111011100001100011101110000110001110111000011000111011100001100011101110000001110001000111100111000100011110011100010001111
0000000000000000000000000000000000000000000000000000000000000000000000000000000000000000000000000000000000000000000000000000000000010110110101011110100100101010111010010010101000010110110101011110100100101010111010010010101011101001001010100001011011010101
0000000000000000000000000000000000000000000000000000000000000000000000000000000000000000000000000000000000000000000000000000000010110011000110011011001100011001010011001110011001001100111001100100110011100110101100110001100101001100111001100100110011100110
0111100001001000011110010001101000000110001110100010100000100100111011010101000000011101000110111111000111000111100010110001010010011010100010110110010000100110000110110000011000110101000110001111000001101100000000000010011100010011000001001001011000101000
1111000010001000100100010011111011000011000010010010011101100000011000001001011000101000001000100010000001110101010100001100011010110111100001110010100111001110100001000000011010011111100100000010011110011001100100001101001010011000100001011110100000110110
0000000000000000100010100000010000101001111000000011001001000101000110100100011010000000001000000000000010000010000010110000100000000000000000001000101000000100001010011110000000110010010001010001101001000110100000000010000000000000100000100000101100001000
0110010000000100001100000000101000110010000011100100000101010000000001000000010001010010000010000010011001000011001000000101010001100100000001000011000000001010001100100000111001000001010100000000010000000100010100100000100000100110010000110010000001010100
1101100011000000100010001011011101001100100011110101110001010000001110110100100110010011000100100101000101011000000010110101000111011000110000001000100010110111010011001000111101011100010100000011101101001001100100110001001001010001010110000000101101010001
0100000000001110111000000100000000010010001000010000100001000000001000000101011100000000100100000000000000001001011101000111011101000000000011101110000001000000000100100010000100001000010000001101111110101000000000001001000000000000000010010111010001110111
0001000100000000000100100000000000000000000100011110000110010000111111000110010101000100001001000110010000000100000000011110000000010001000000000001001000000000000000000001000111100001100100000000001110011010010001000010010001100100000001000000000111100000
1001000001100011000000000001001000100000000000011110000011001000100000000000000100010000000001000100010110100001001010000000001110010000011000110000000000010010001000000000000111100000110010001000000000000001000100000000010001000101101000010010100000000011
1011110010010100001001100001100110000000000001000000011000001010010000000001000010000101000010000010000001000000000010100000000010111100100101000010011000011001100000000000010000000110000010100100000000010000100001010000100000100000010000000000101000000000
0100000010010010000000000000000000010001000100010000010001100010010110100100001000100000101010001010010000001000000000100001100101000000100100100000000000000000000100010001000100000100011000100101101001000010001000001010100010100100000010000000001000011001
0000100001011000010111011111111001100001111100100010000000001101000000001101011100000001111000000001100010000010000010111000000000001000010110000101110111111110011000011111001000100000000011010000000011010111000000011110000000011000100000100000101110000000
0000000100101111000010100001000110100001000000011000001010000001001000000100000000000000011100100000000100001000100011010010100000000001001011110000101000010001101000010000000110000010100000010010000001000000000000000111001000000001000010001000110100101000
1010000100000100110001101111010100100010010010000000000010010000100001000000000010101111010111111001010011010000001001000101000010100001000001001100011011110101001000100100100000000000100100001000010000000000010100001010000010010100110100000010010001010000
1010101010100011011001110110000100001000001000000100000110001110100000011011100011001000010101110010101100011101001000101100110001100110001110100101010000000111110001001011100110001101000101111011001011011110000001001100111011100111100001000001000110101010
0011001010001100000110011100011101001110111001000011011110011000001100001011010001010110110000110010000101110111011101010010001101010000001100001000010010000100001011000101100001010101001001000101001000001000110010111000000001000011110010110001011110011111
0100000101000010111000000001010100010001000000000001000110001000100100001000000101100000010001000011100000000010011001010000000001000001010000100001111111101010000100010000000000010001100010001001000010000001011000000100010000111000000000100110010100000000
0000000000000000001100000000100111111100110000110000000100100011110101111110101100010000000001000101001010011000100001001011000100000000000000000011000000001001000000110011110000000001001000110010100000010100000100000000010010101101011001111000010010110001
0010110110110100010000010000000010001000000100100000000010001101001001000000000010101010000110001100010000001000010010000000000000101101101101000100000100000000100010000001001000000000100011010010010000000000101010100001100011000100000010000100100000000000
1101000111010001000010111010010001111010000100001001000000101011000001100010111000111100011000111000100001101100100100000010101100101110001011100000101110100100011110100001000010010000001010110000011000101110110000111001110010001000011011001001000000101011
0010000101000010001101000100000000001110100000000000100000010110001000010000011000000011100001001101001100010000000000001000100000100001010000100011010001000000000011101000000000001000000101100010000100000110000000111000010011010011000100000000000010001000
0000111110010000100000000000010000111000111000001000111101011110110010100010000110000010000000000100101110100000001000001011011011001000111000001011100010001011000000000110111101001000001011100000110101010001010001010111000010001100110100001110011111000110
