Z checks
1111111111111111000000000000000000000000000000000000000000000000000000000000000000000000000000000000000000000000000000000000000000000000000000000000000000000000000000000000000000000000000000000000000000000000000000000000000000000000000000000000000000000000
0000000000000000111111111111111100000000000000000000000000000000000000000000000000000000000000000000000000000000000000000000000000000000000000000000000000000000000000000000000000000000000000000000000000000000000000000000000000000000000000000000000000000000
0000000000000000000000000000000011111111111111110000000000000000000000000000000000000000000000000000000000000000000000000000000000000000000000000000000000000000000000000000000000000000000000000000000000000000000000000000000000000000000000000000000000000000
0000000000000000000000000000000000000000000000001111111111111111000000000000000000000000000000000000000000000000000000000000000000000000000000000000000000000000000000000000000000000000000000000000000000000000000000000000000000000000000000000000000000000000
0000000000000000000000000000000000000000000000000000000000000000111111111111111100000000000000000000000000000000000000000000000000000000000000000000000000000000000000000000000000000000000000000000000000000000000000000000000000000000000000000000000000000000
0000000000000000000000000000000000000000000000000000000000000000000000000000000011111111111111110000000000000000000000000000000000000000000000000000000000000000000000000000000000000000000000000000000000000000000000000000000000000000000000000000000000000000
0000000000000000000000000000000000000000000000000000000000000000000000000000000000000000000000001111111111111111000000000000000000000000000000000000000000000000000000000000000000000000000000000000000000000000000000000000000000000000000000000000000000000000
0000000000000000000000000000000000000000000000000000000000000000000000000000000000000000000000000000000000000000111111111111111100000000000000000000000000000000000000000000000000000000000000000000000000000000000000000000000000000000000000000000000000000000
0000000000000000000000000000000000000000000000000000000000000000000000000000000000000000000000000000000000000000000000000000000011111111111111110000000000000000000000000000000000000000000000000000000000000000000000000000000000000000000000000000000000000000
0000000000000000000000000000000000000000000000000000000000000000000000000000000000000000000000000000000000000000000000000000000000000000000000001111111111111111000000000000000000000000000000000000000000000000000000000000000000000000000000000000000000000000
0000000000000000000000000000000000000000000000000000000000000000000000000000000000000000000000000000000000000000000000000000000000000000000000000000000000000000111111111111111100000000000000000000000000000000000000000000000000000000000000000000000000000000
0000000000000000000000000000000000000000000000000000000000000000000000000000000000000000000000000000000000000000000000000000000000000000000000000000000000000000000000000000000011111111111111110000000000000000000000000000000000000000000000000000000000000000
0000000000000000000000000000000000000000000000000000000000000000000000000000000000000000000000000000000000000000000000000000000000000000000000000000000000000000000000000000000000000000000000001111111111111111000000000000000000000000000000000000000000000000
0000000000000000000000000000000000000000000000000000000000000000000000000000000000000000000000000000000000000000000000000000000000000000000000000000000000000000000000000000000000000000000000000000000000000000111111111111111100000000000000000000000000000000
0000000000000000000000000000000000000000000000000000000000000000000000000000000000000000000000000000000000000000000000000000000000000000000000000000000000000000000000000000000000000000000000000000000000000000000000000000000011111111111111110000000000000000
0000000000000000000000000000000000000000000000000000000000000000000000000000000000000000000000000000000000000000000000000000000000000000000000000000000000000000000000000000000000000000000000000000000000000000000000000000000000000000000000001111111111111111
0100110011100110101100110001100110110011000110011011001100011001010011001110011001001100111001101011001100011001101100110001100100000000000000000000000000000000000000000000000000000000000000000000000000000000000000000000000000000000000000000000000000000000
1001011011010100011010010010101101101001001010111001011011010100011010010010101101101001001010111001011011010100011010010010101100000000000000000000000000000000000000000000000000000000000000000000000000000000000000000000000000000000000000000000000000000000
0000101110010111000010111001011100001011100101111111010001101000000010111001011111110100011010000000101110010111111101000110100000000000000000000000000000000000000000000000000000000000000000000000000000000000000000000000000000000000000000000000000000000000
0101101001001101010110100100110101011010010011010101101001001101101001011011001001011010010011011010010110110010101001011011001000000000000000000000000000000000000000000000000000000000000000000000000000000000000000000000000000000000000000000000000000000000
0000000000000000000000000000000000000000000000000000000000000000000000000000000000000000000000000000000000000000000000000000000001111111100000001000000001111111100000000111111101111111100000000111111110000000100000000111111110000000011111110111111110000000
0000000000000000000000000000000000000000000000000000000000000000000000000000000000000000000000000000000000000000000000000000000001110100000101110111010000010111011101000001011101110100000101110111010000010111100010111110100010001011111010000111010000010111
0000000000000000000000000000000000000000000000000000000000000000000000000000000000000000000000000000000000000000000000000000000000101110010110100010111001011010110100011010010111010001101001010010111001011010001011100101101011010001101001010010111001011010
0000000000000000000000000000000000000000000000000000000000000000000000000000000000000000000000000000000000000000000000000000000011101001010101000001011010101011111010010101010000010110101010110001011010101011000101101010101100010110101010110001011010101011
0010010110000000010001000000000010010100101111110001000100000000100000000100011000010001000000000000101000011000010010100000001000100101100000000100010000000000011010110100000000010001000000001000000001000110000100010000000000001010000110000100101000000010
0010000000011100000000001010000001001100010000110011000000100010101010001000000000101000000100100000100000101010000000010000010000100000000111000000000010100000010011000100001100110000001000101010100010000000001010000001001000001000001010100000000100000100
1000000100000000000000101110000000000000101100100000001010001100000111110000000100100000000001000100110000000010010000000110000110000001000000000000001011100000000000001011001000000010100011001110000011111110001000000000010001001100000000100100000001100001
0000100000001110011000000100000110010010001000000000100001000000101000000101011000000000100100001000000000001000100010111000000100001000000011100110000001000001100100100010000000001000010000001010000001010110000000001001000010000000000010001000101110000001
0100010000100100100100111000110100100000000011100100000001110011010000110000010001101000011110010110101100000010001000000000010001000100001001001001001110001101001000000000111001000000011100110100001100000100011010000111100101101011000000100010000000000100
1010000001100011000000000001001010100000000000000110000011001001100000000000000100010000000001001100010110100000101010000000010001011111100111000000000000010010101000000000000001100000110010011000000000000001000100000000010011000101101000001010100000000100
0101100110000010000001100010000100011001110010000100001110010010110010110100101001010000000110111011011000100101010100010101001000001000010110001010100000000100010010000001001000010010010010001001101010010000000000011100000100011000000000000000000010001000
0110000101100111101011000111010010001110011000000101100000100101111001101111001010101010010011101001000111111000100110100100001010000011101001000100111010110111100100110101110001000101000110010000010000110001010010001000110110001100110001000111100010000001
1000000101001000110010100000000000001101000000011000101000110100001100000000000001010001101001000100000000000100100000000010101010000001010010001100101000000000000011010000000110001010001101000011000000000000010100011010010001000000000001001000000000101010
0011011110000101010111110010011100000100011001000001111100000010100100000010110110000010010100110010000111001100010010010011100011100110001000000111000101111101001010100011111011001110101001110100000110001000101011000000100100001111100101101001100010011101
0001010000010010010010000011101011010100000000000010000000000100010000000010010101000000100001010101000000110000000100000101000100010100000100100100100000111010110101000000000000100000000001000100000000100101010000001000010101010000001100000001000001010001
0110101100101001100010001001011001010110110100100110011000110110011111000101100000001101100100100010110010000110010011000000110101100000101111101000001100000001010111010100010101101101101000010111011111001111000001100000010100100111000100010100011110011010
0001000000010000101010010001001000000101100100000000100100000011000100100101000000110100000100001001100100000000011000010001000000010000000100001010100100010010000001011001000000001001000000110001001001010000001101000001000010011001000000000110000100010000
0010000000000001000100010010010001100000000000000000000011000000001100101010000100010110010000110100000101100000000001000101110100100000000000010001000100100100011000000000000000000000110000000011001010100001000101100100001101000001011000000000010001011101
1100011001011001010000000011000110010111001011000001101110101100010101001011011010001011100000011011001010110111000001000001110011101000000000111001000110010100010001101000100100110101111101101000010100010011010110100010010001100011000100100010101001000110
1001001110100000011001111001111000000011111010000010000001000000010000001000000001000001000000000001000000001000100110100001010010010011101000001001100001100001000000111110100000100000010000000100000010000000010000010000000000010000000010001001101000010100
1000001001100011001000001100001010000000100000000010000001000000000110000011000010100001010000000000000011100100001101111100011110000010011000110010000011000010100000001000000000100000010000000001100000110000101000010100000000000000111001000011011111000111
0010111010010000001111001111000011100000011110011100101010110111000001010000010100001010001110100010101100011000011001111100110101001100001011000101111001001100100000101100010101010111111101001001100001000110011010001000011010110110010110110000010101110001
0010110010111001000100010100011101111001000101101010010001001010100001010100000010010100100100100001000001010010100010000111100011010011010001101110111010111000100001101110100110100100010010101000010101000000100101001001001000010000010100101000100001111000
0000100101000010001101000100000000001110100000000000100000010110001000010000011000000011100001001010110011101110000000001000001000001001010000100011010001000000000011101000000000001000000101100010000100000110000000111000010001010011000100010000000010000010
0100111001000100100100101100010001110001110100010010000010011011100100110011000001010100101000010100011000001110010111000010000100010100000010011100100010001001001010111001110010000101001010011100100101111101111100010001001100011100010000110000011001101100

observable
0011001110011100011110100001000000000000000000000000000000000000000000000000000000000000000000000000000000000000000000000000000000000000000000000000000000000000000000000000000000000000000000000000000000000000000000000000000000000000000000000000000000000000

X checks
1111111111111111000000000000000000000000000000000000000000000000000000000000000000000000000000000000000000000000000000000000000000000000000000000000000000000000000000000000000000000000000000000000000000000000000000000000000000000000000000000000000000000000
0000000000000000111111111111111100000000000000000000000000000000000000000000000000000000000000000000000000000000000000000000000000000000000000000000000000000000000000000000000000000000000000000000000000000000000000000000000000000000000000000000000000000000
0000000000000000000000000000000011111111111111110000000000000000000000000000000000000000000000000000000000000000000000000000000000000000000000000000000000000000000000000000000000000000000000000000000000000000000000000000000000000000000000000000000000000000
0000000000000000000000000000000000000000000000001111111111111111000000000000000000000000000000000000000000000000000000000000000000000000000000000000000000000000000000000000000000000000000000000000000000000000000000000000000000000000000000000000000000000000
0000000000000000000000000000000000000000000000000000000000000000111111111111111100000000000000000000000000000000000000000000000000000000000000000000000000000000000000000000000000000000000000000000000000000000000000000000000000000000000000000000000000000000
0000000000000000000000000000000000000000000000000000000000000000000000000000000011111111111111110000000000000000000000000000000000000000000000000000000000000000000000000000000000000000000000000000000000000000000000000000000000000000000000000000000000000000
0000000000000000000000000000000000000000000000000000000000000000000000000000000000000000000000001111111111111111000000000000000000000000000000000000000000000000000000000000000000000000000000000000000000000000000000000000000000000000000000000000000000000000
0000000000000000000000000000000000000000000000000000000000000000000000000000000000000000000000000000000000000000111111111111111100000000000000000000000000000000000000000000000000000000000000000000000000000000000000000000000000000000000000000000000000000000
0000000000000000000000000000000000000000000000000000000000000000000000000000000000000000000000000000000000000000000000000000000011111111111111110000000000000000000000000000000000000000000000000000000000000000000000000000000000000000000000000000000000000000
0000000000000000000000000000000000000000000000000000000000000000000000000000000000000000000000000000000000000000000000000000000000000000000000001111111111111111000000000000000000000000000000000000000000000000000000000000000000000000000000000000000000000000
0000000000000000000000000000000000000000000000000000000000000000000000000000000000000000000000000000000000000000000000000000000000000000000000000000000000000000111111111111111100000000000000000000000000000000000000000000000000000000000000000000000000000000
0000000000000000000000000000000000000000000000000000000000000000000000000000000000000000000000000000000000000000000000000000000000000000000000000000000000000000000000000000000011111111111111110000000000000000000000000000000000000000000000000000000000000000
0000000000000000000000000000000000000000000000000000000000000000000000000000000000000000000000000000000000000000000000000000000000000000000000000000000000000000000000000000000000000000000000001111111111111111000000000000000000000000000000000000000000000000
0000000000000000000000000000000000000000000000000000000000000000000000000000000000000000000000000000000000000000000000000000000000000000000000000000000000000000000000000000000000000000000000000000000000000000111111111111111100000000000000000000000000000000
0000000000000000000000000000000000000000000000000000000000000000000000000000000000000000000000000000000000000000000000000000000000000000000000000000000000000000000000000000000000000000000000000000000000000000000000000000000011111111111111110000000000000000
0000000000000000000000000000000000000000000000000000000000000000000000000000000000000000000000000000000000000000000000000000000000000000000000000000000000000000000000000000000000000000000000000000000000000000000000000000000000000000000000001111111111111111
1011100011110000010001110000111101000111000011111011100011110000010001110000111101000111000011111011100011110000010001110000111100000000000000000000000000000000000000000000000000000000000000000000000000000000000000000000000000000000000000000000000000000000
0110001010111100100111010100001110011101010000111001110101000011100111010100001110011101010000111001110101000011100111010100001100000000000000000000000000000000000000000000000000000000000000000000000000000000000000000000000000000000000000000000000000000000
1110001011000011000111010011110000011101001111000001110100111100000111010011110011100010110000110001110100111100000111010011110000000000000000000000000000000000000000000000000000000000000000000000000000000000000000000000000000000000000000000000000000000000
1111010000010110000010111110100100001011111010011111010000010110111101000001011011110100000101100000101111101001111101000001011000000000000000000000000000000000000000000000000000000000000000000000000000000000000000000000000000000000000000000000000000000000
0000000000000000000000000000000000000000000000000000000000000000000000000000000000000000000000000000000000000000000000000000000001110100011010011000101110010110100010111001011001110100011010010111010001101001100010111001011010001011100101100111010001101001
0000000000000000000000000000000000000000000000000000000000000000000000000000000000000000000000000000000000000000000000000000000011010001101001010010111001011010001011100101101011010001101001010010111001011010001011100101101000101110010110101101000110100101
0000000000000000000000000000000000000000000000000000000000000000000000000000000000000000000000000000000000000000000000000000000001100010101111001001110101000011011000101011110010011101010000111001110101000011011000101011110001100010101111001001110101000011
0000000000000000000000000000000000000000000000000000000000000000000000000000000000000000000000000000000000000000000000000000000011100010110000110001110100111100111000101100001100011101001111000001110100111100000111010011110000011101001111000001110100111100
0000010100000000100000100100100001111100001000000000001011010000001000100000000001010000110000001100000100100000001000000011100000000101000000000111110110110111011111000010000000000010110100000010001000000000010100001100000011000001001000000010000000111000
0001001000010010001000001100000101000110010000000010000110001000001010000010000100010000100011001000001010000001001000100000000000010010000100100010000011000001010001100100000000100001100010000010100000100001000100001000110010000010100000010010001000000000
0000000000000000100010100000010000101001111000000011001001000101111001011011100110000000001000000000000010000010000010110000100000000000000000001000101000000100001010011110000000110010010001010001101001000110100000000010000000000000100000100000101100001000
0101000000001010110011000010010001110100110011111000001000001010100111000100110100000010111000110001100000001001100001001010111100011100111011001000000011000010001110000010100100110001000100111101000010101011010011100000010101010100111011111100100001001001
0100001110010001110000010001000010000100011011110100000101011100010000000101100001001101000101111000001011010010111001010110010010000100111000010000011001100000101111001110000010000110001011001000011100101000011101011001100001000101101000100010001000010100
0000110011101000010100110101100101011110110001110100010010100110100100110100111001001100011101101011001100010000001110001001000101000000000011101110000001000000000100100010000100001000010000000010000001010111000000001001000000000000000010011000101110001000
0001000100000000000100100000000000000000000100011110000110010000000000111001101001000100001001000110010000000100000000011110000000010001000000000001001000000000000000000001000111100001100100000000001110011010010001000010010001100100000001000000000111100000
1101010001001000011011001001101000100000000110101011010000110101010100000110110000110100111110000011111111100100000100011110001000001110000001000100100100101001000001011010100101101110011110011000101000100000000100010100101100011010010101110011010001010001
1011110010010100110110011110011010000000000001000000011000001010010000000001000010000101000010000010000001000000000010100000000001000011011010110010011000011001100000000000010000000110000010100100000000010000100001010000100000100000010000000000101000000000
1011111101101101000000000000000000010001000100010000010001100010010110100100001000100000101010001010010000001000000000100001100101000000100100100000000000000000000100010001000100000100011000101010010110111101001000001010100010100100000010000000001000011001
0000100001011000001010000000010101001000000100100001001001001000000110101001000110000001110000000001100000000000000000001000100000001000010110000010100000000101010010000001001000010010010010000001101010010001100000011100000000011000000000000000000010001000
0000000100101111000010100001000110100001000000011000001010000001001000000100000000000000011100100000000100001000011100101101011101011011000111000101000000100010000001001100110111011000101100101000010110001100010110100100000110100100110001000010100011100100
0111101000001011000000101001101110000000110010001010101001000010100100101000001110001110000110000110101001100101111000100011010101010100010100011101001100111110010100010110110110000100000110001011110011011001101000000100001010111011110000000011001110010000
0000001111100010011101011010100010001000011010011111011000110101111001010001000001011001110010010110011100000010000010110100000000001000000010111000000110111110100000111000000000000010001000110001000100000110010100100010000010010011000101001111111101010110
1100100010000101000000000000011000100000001100101010110100000001100010010011001011000000000001100100010001001110100111011101101010111100111011001000101110010000010101000101101100100110100101110000001010100100010010111001000000110000001001110001011001001100
0100000101000010111000000001010100010001000000000001000110001000100100001000000101100000010001000011100000000010011001010000000001000001010000101110000000010101000100010000000000010001100010001001000010000001011000000100010000111000000000100110010100000000
0000000000000000001100000000100100000011001111000000000100100011001010000001010000010000000001000101001010011000100001001011000100000000000000000011000000001001000000110011110000000001001000110010100000010100000100000000010001010010100110001000010010110001
0010110110110100010000010000000010001000000100100000000010001101001001000000000010101010000110001100010000001000010010000000000000101101101101000100000100000000100010000001001000000000100011010010010000000000101010100001100011000100000010000100100000000000
0011110000100100101011101000011011100100101000000000100011100000101010100100010000101101101010010100101001100100110111000110000100000100101010111001011000001001110111000010111111001111100100001001001011001011000101010010011010001101000101000001101100010001
0010000101000010001101000100000000001110100000000000100000010110001000010000011000000011100001001101001100010000000000001000100000100001010000100011010001000000000011101000000000001000000101100010000100000110000000111000010011010011000100000000000010001000
1100001011101100100100011011011010000000100110000110001101000100010011100100001010101010001100000110000110011011110000001110010000111101000100110110111001001001100000001001100001100011010001000100111001000010101010100011000001100001100110111100000011100100
