Z checks
111111111111111111111111000000000000000000000000000000000000000000000000000000000000000000000000000000000000000000000000000000000000000000000000000000000000000000000000000000000000000000000000000000000000000000000000000000000000000000000000000000000000000000000000000000000000000000000000
000000000000000000000000111111111111111111111111000000000000000000000000000000000000000000000000000000000000000000000000000000000000000000000000000000000000000000000000000000000000000000000000000000000000000000000000000000000000000000000000000000000000000000000000000000000000000000000000
000000000000000000000000000000000000000000000000111111111111111111111111000000000000000000000000000000000000000000000000000000000000000000000000000000000000000000000000000000000000000000000000000000000000000000000000000000000000000000000000000000000000000000000000000000000000000000000000
000000000000000000000000000000000000000000000000000000000000000000000000111111111111111111111111000000000000000000000000000000000000000000000000000000000000000000000000000000000000000000000000000000000000000000000000000000000000000000000000000000000000000000000000000000000000000000000000
000000000000000000000000000000000000000000000000000000000000000000000000000000000000000000000000111111111111111111111111000000000000000000000000000000000000000000000000000000000000000000000000000000000000000000000000000000000000000000000000000000000000000000000000000000000000000000000000
000000000000000000000000000000000000000000000000000000000000000000000000000000000000000000000000000000000000000000000000111111111111111111111111000000000000000000000000000000000000000000000000000000000000000000000000000000000000000000000000000000000000000000000000000000000000000000000000
000000000000000000000000000000000000000000000000000000000000000000000000000000000000000000000000000000000000000000000000000000000000000000000000111111111111111111111111000000000000000000000000000000000000000000000000000000000000000000000000000000000000000000000000000000000000000000000000
000000000000000000000000000000000000000000000000000000000000000000000000000000000000000000000000000000000000000000000000000000000000000000000000000000000000000000000000111111111111111111111111000000000000000000000000000000000000000000000000000000000000000000000000000000000000000000000000
000000000000000000000000000000000000000000000000000000000000000000000000000000000000000000000000000000000000000000000000000000000000000000000000000000000000000000000000000000000000000000000000111111111111111111111111000000000000000000000000000000000000000000000000000000000000000000000000
000000000000000000000000000000000000000000000000000000000000000000000000000000000000000000000000000000000000000000000000000000000000000000000000000000000000000000000000000000000000000000000000000000000000000000000000111111111111111111111111000000000000000000000000000000000000000000000000
000000000000000000000000000000000000000000000000000000000000000000000000000000000000000000000000000000000000000000000000000000000000000000000000000000000000000000000000000000000000000000000000000000000000000000000000000000000000000000000000111111111111111111111111000000000000000000000000
000000000000000000000000000000000000000000000000000000000000000000000000000000000000000000000000000000000000000000000000000000000000000000000000000000000000000000000000000000000000000000000000000000000000000000000000000000000000000000000000000000000000000000000000111111111111111111111111
010011100110110001100101010011100110110001100101010011100110110001100101010011100110110001100101101100011001001110011010010011100110110001100101000000000000000000000000000000000000000000000000000000000000000000000000000000000000000000000000000000000000000000000000000000000000000000000000
101011100001010001111001010100011110101110000110101011100001010001111001101011100001010001111001101011100001010001111001101011100001010001111001000000000000000000000000000000000000000000000000000000000000000000000000000000000000000000000000000000000000000000000000000000000000000000000000
010111000000100011111110101000111111011100000001101000111111011100000001101000111111011100000001010111000000100011111110101000111111011100000001000000000000000000000000000000000000000000000000000000000000000000000000000000000000000000000000000000000000000000000000000000000000000000000000
110111000000011100000000110111000000011100000000110111000000011100000000110111000000011100000000110111000000011100000000110111000000011100000000000000000000000000000000000000000000000000000000000000000000000000000000000000000000000000000000000000000000000000000000000000000000000000000000
000010010101001001010111000010010101001001010111000010010101001001010111000010010101001001010111000010010101001001010111111101101010110110101000000000000000000000000000000000000000000000000000000000000000000000000000000000000000000000000000000000000000000000000000000000000000000000000000
000000000000000000000000000000000000000000000000000000000000000000000000000000000000000000000000000000000000000000000000000000000000000000000000110000111000000011100011001111000111111100011100110000111000000011100011110000111000000011100011110000111000000011100011110000111000000011100011
000000000000000000000000000000000000000000000000000000000000000000000000000000000000000000000000000000000000000000000000000000000000000000000000110111000000011100000000001000111111100011111111110111000000011100000000110111000000011100000000110111000000011100000000110111000000011100000000
000000000000000000000000000000000000000000000000000000000000000000000000000000000000000000000000000000000000000000000000000000000000000000000000010111000000100011111110101000111111011100000001101000111111011100000001010111000000100011111110101000111111011100000001010111000000100011111110
000000000000000000000000000000000000000000000000000000000000000000000000000000000000000000000000000000000000000000000000000000000000000000000000001110001100111000110011110001110011000111001100001110001100111000110011001110001100111000110011110001110011000111001100001110001100111000110011
000000000000000000000000000000000000000000000000000000000000000000000000000000000000000000000000000000000000000000000000000000000000000000000000110101010101010101010111110101010101010101010111001010101010101010101000001010101010101010101000110101010101010101010111001010101010101010101000
101010011011010110000000011000000001000100100111100100001010010101001000110000001000111100010000011100010000101000011101010100011100000111001100000000110001000011010110001101010100101110001110001110100000000000011110100101011101010110111001001001000101000010110100000001001001101101100101
000000100110010000001111000010111000001010100010001110111000110110000110110001101110001110011110110011000101000100000111110111001000001000110100010100111000111110001001010110100110100100100100011010100110011000000000100101110000100000011000011000100100010101111110100011010110100110110010
000111011000101110010101111001001000001000000101100010000010101000010110110101111110000011001110101000011010011100000000010011010010001110011011010000011000001101101011101110001000101011111011110101000010001011101000100010111110100000110000000000100101000000000001000100010010101101100101
010110101100001101010110100110010100010100101010110111100101001010110110001000001010110010111100110001100110000000010100000001001000000000000000100001101100010001010110010001010100001000101010000000100101010110110110000000110101010001000011000110100110011100010100110110001000011100000000
110110011000001101101100010000001001000010110000101000001100000001001101001110011010000010110100111010101001001000100100100100111001000101001100011010000001000011110110111100010000001100101010000100010101001111010111100010000011001100101110010110110000000110111110001000100000001011010110
010100100100100101001000011011110100000101001000110011001011010010011100100011101101101111001001010010001111110101100001000010010111001100011010001100100011111010101010111100001100100101010101010100110011110010000001000100010101001111010100001010001000101010000011011010010000010011111000
010001100100101000001111110001000001111011010101110000111010110001001000001101000100011110101011000011101100101111100001111100000111001110111010000011001001011101000101011100010011110001100000100010010111000100000010100000010110010100011110010001000001011010101011010001010101000100001111
110100001000000100000001100001011111011000000001000000110011110100000100011110010010010101101001101010111000001011000001001100000100110000000111100011001000100111111111001001100000000100000000101000001100101000000101110110101101001001101000000010000111010111000000100100111011101100000110
100100110100101000100011111000110010000000101110110000001111111010000011001010010001100110000100101010010100100010110100110000111100101001001011011011001011010111011100111000110010000000101110110000001111111010000011001010010001100110000100101010010100100010110100110000111100101001001011
001000100100001000010010001110110100011111100000011101101101001101110001011011100001010110000010011000101011010111001001010110111100010001001011100000011011010100010011100110001011000011100001110101010010010001110000110011011110001010000011110000010100001011001000000001111100110010110101
111010110101110000000110111100100100000111010101001011000000100001101010011001110001000001010101010100010110001111111110000010010011000001100011101011000110001000110100010010101000000000011000100101001100100110100111001000000010111001100111111010011010001000110011010011100000111001010001
010110100000101010010000101010100010001010111011001100010101110111001100000100010110111100011000010101001101111100001111010100100010100011001101111101000001111011101001000001000011011011000010100111110100100110110101010000001000010010011110000001010011010010001001000000111100001101001011
001011101010010000000010100100011101000001001000001111101000001000000001010010110010110010100010100101001010010000010010000101000011110100101111001010100001010100101101011010101001111010011000001110100011001100101110010011111001110110001101100100000001010100111101000100001000110000000000
000110111000011000011001000110000110010000001000000101010011011111011011100100000100010111001011000110011010011001011000100010010100000110011000000101100110010101100001000101011000011101110000000110001101010010100011011000100101100101001100000101000100010100100000100001001010001011100000
100001001010100000001101101001010000101010010000111010100001110111110010110001111000101101010010001100000111110000001000000101100101110111001010001100011000101010111000000100000010100000100101101000001100000010111000011100101010100111100111011110101010000101000010010111001000000010000000
111001000010000010011011011011011100000011000111010111100001000000001001000010100101101000100100010100010001010011100000101110011101110011100100001010100100001100000000010111000101110010100011011011111000110001101101001110111100011001000000011000001000100010000100100010000100000010000000
000100011111001001101000000010000000000001111100111101111110000011010100000001001111000000011100011011110100011111001100010001100000111011010001111010101011110010111000000011001011000101010011000011001010111000000100000000000100000100110011100101000000100100011100101111010100000000000001
011001101000111011110011100011001010011111000000000000010010001001010010111110001001100001010011000100000011110100000000100000000001000000000000100110010111000100001100100011001010011111000000000000010010001001010010111110001001100001010011111011111100001011111111100000000001000000000000
011001001101100001100100001110001000100001100100001100000110000010101001000000010011101011100011000100000111000100100110000001010100000101100110010101010100010000000000000010010001010000000000000000011111110011001101001100001010011010000111001000011110110101000010110010110010001011111101
100001010100001000011100110001100000110000011000111100000000000100111000101110100111100000111000000011111000000011001110000101011010001000110011100001010100001000011100110001100000110000011000111100000000000100111000101110100111100000111000000011111000000011001110111010100101110111001100
001110111000000001000100001001011111100111110100001001001011111100111101000001010101101001001101010000010110110000110000100001111111001100001111100000110100000110001001100111010011100000111001011000111000000100001111010000100110010001111111000001100101001000000010110000001100110100111101
011000000001001001000001100101000101110010001111010000011001000010000001011101010000011111000101000011101010101111001100101010101100111010110011011000000001001001000001011010111010001101110000010000011001000010000001011101010000011111000101111100010101010000110011010101010011000101001100
001000000101010110000110011001100000010100000000101110011100000001110110100001101010010011010001101001111110000000100010000011101001000010100100101011011011100100000000000101000001011001111001001101000010110011110000111101001011011110101000001010100000110010100100100000110111110000100010
001101011100110001111000010100010010010001010100010011010100100000100001110000100111000110110000000001001111010111100000001100011000111001100100100110111101100000000001000000001100111111010010111000110101110001011000011011000110010111001001010101010001111001100110011000000110010111100010

observable
100111000000001001111100101101011000000000000000000000000000000000000000000000000000000000000000000000000000000000000000000000000000000000000000000000000000000000000000000000000000000000000000000000000000000000000000000000000000000000000000000000000000000000000000000000000000000000000000

X checks
111111111111111111111111000000000000000000000000000000000000000000000000000000000000000000000000000000000000000000000000000000000000000000000000000000000000000000000000000000000000000000000000000000000000000000000000000000000000000000000000000000000000000000000000000000000000000000000000
000000000000000000000000111111111111111111111111000000000000000000000000000000000000000000000000000000000000000000000000000000000000000000000000000000000000000000000000000000000000000000000000000000000000000000000000000000000000000000000000000000000000000000000000000000000000000000000000
000000000000000000000000000000000000000000000000111111111111111111111111000000000000000000000000000000000000000000000000000000000000000000000000000000000000000000000000000000000000000000000000000000000000000000000000000000000000000000000000000000000000000000000000000000000000000000000000
000000000000000000000000000000000000000000000000000000000000000000000000111111111111111111111111000000000000000000000000000000000000000000000000000000000000000000000000000000000000000000000000000000000000000000000000000000000000000000000000000000000000000000000000000000000000000000000000
000000000000000000000000000000000000000000000000000000000000000000000000000000000000000000000000111111111111111111111111000000000000000000000000000000000000000000000000000000000000000000000000000000000000000000000000000000000000000000000000000000000000000000000000000000000000000000000000
000000000000000000000000000000000000000000000000000000000000000000000000000000000000000000000000000000000000000000000000111111111111111111111111000000000000000000000000000000000000000000000000000000000000000000000000000000000000000000000000000000000000000000000000000000000000000000000000
000000000000000000000000000000000000000000000000000000000000000000000000000000000000000000000000000000000000000000000000000000000000000000000000111111111111111111111111000000000000000000000000000000000000000000000000000000000000000000000000000000000000000000000000000000000000000000000000
000000000000000000000000000000000000000000000000000000000000000000000000000000000000000000000000000000000000000000000000000000000000000000000000000000000000000000000000111111111111111111111111000000000000000000000000000000000000000000000000000000000000000000000000000000000000000000000000
000000000000000000000000000000000000000000000000000000000000000000000000000000000000000000000000000000000000000000000000000000000000000000000000000000000000000000000000000000000000000000000000111111111111111111111111000000000000000000000000000000000000000000000000000000000000000000000000
000000000000000000000000000000000000000000000000000000000000000000000000000000000000000000000000000000000000000000000000000000000000000000000000000000000000000000000000000000000000000000000000000000000000000000000000111111111111111111111111000000000000000000000000000000000000000000000000
000000000000000000000000000000000000000000000000000000000000000000000000000000000000000000000000000000000000000000000000000000000000000000000000000000000000000000000000000000000000000000000000000000000000000000000000000000000000000000000000111111111111111111111111000000000000000000000000
000000000000000000000000000000000000000000000000000000000000000000000000000000000000000000000000000000000000000000000000000000000000000000000000000000000000000000000000000000000000000000000000000000000000000000000000000000000000000000000000000000000000000000000000111111111111111111111111
111111111111000000000000111111111111000000000000111111111111000000000000111111111111000000000000111111111111000000000000111111111111000000000000000000000000000000000000000000000000000000000000000000000000000000000000000000000000000000000000000000000000000000000000000000000000000000000000
001100011001110001100100001100011001110001100100001100011001110001100100001100011001110001100100001100011001110001100100001100011001110001100100000000000000000000000000000000000000000000000000000000000000000000000000000000000000000000000000000000000000000000000000000000000000000000000000
100100100110010010011010100100100110010010011010100100100110010010011010100100100110010010011010100100100110010010011010100100100110010010011010000000000000000000000000000000000000000000000000000000000000000000000000000000000000000000000000000000000000000000000000000000000000000000000000
100010010101001001010110100010010101001001010110100010010101001001010110100010010101001001010110100010010101001001010110100010010101001001010110000000000000000000000000000000000000000000000000000000000000000000000000000000000000000000000000000000000000000000000000000000000000000000000000
100001001011000100101110100001001011000100101110100001001011000100101110100001001011000100101110100001001011000100101110100001001011000100101110000000000000000000000000000000000000000000000000000000000000000000000000000000000000000000000000000000000000000000000000000000000000000000000000
000000000000000000000000000000000000000000000000000000000000000000000000000000000000000000000000000000000000000000000000000000000000000000000000111111111111000000000000111111111111000000000000111111111111000000000000111111111111000000000000111111111111000000000000111111111111000000000000
000000000000000000000000000000000000000000000000000000000000000000000000000000000000000000000000000000000000000000000000000000000000000000000000001100011001110001100100001100011001110001100100001100011001110001100100001100011001110001100100001100011001110001100100001100011001110001100100
000000000000000000000000000000000000000000000000000000000000000000000000000000000000000000000000000000000000000000000000000000000000000000000000100100100110010010011010100100100110010010011010100100100110010010011010100100100110010010011010100100100110010010011010100100100110010010011010
000000000000000000000000000000000000000000000000000000000000000000000000000000000000000000000000000000000000000000000000000000000000000000000000100010010101001001010110100010010101001001010110100010010101001001010110100010010101001001010110100010010101001001010110100010010101001001010110
000000000000000000000000000000000000000000000000000000000000000000000000000000000000000000000000000000000000000000000000000000000000000000000000100001001011000100101110100001001011000100101110100001001011000100101110100001001011000100101110100001001011000100101110100001001011000100101110
110011001100000011110000111001101111011101110100100011110010011100011100010000111000101000101110000011000110010111100100110011100110001110000000110011001100000011110000111001101111011101110100100011110010011100011100010000111000101000101110000011000110010111100100110011100110001110000000
001111000100110000101100000001110100010000000100010010011101010110110010101010111111110001000110000000110010011101011100110000111000000011100000001111000100110000101100000001110100010000000100010010011101010110110010101010111111110001000110000000110010011101011100110000111000000011100000
001111101110000111110100001010100000101100001010000110111100011011000000000100010010011110010000110011011001011100111100110000111000111000000000001111101110000111110100001010100000101100001010000110111100011011000000000100010010011110010000110011011001011100111100110000111000111000000000
001010110101110100011100111110001001101000011010010111100000000001010010110000100101101000100110001110111011010110111000001010101010101110100000001010110101110100011100111110001001101000011010010111100000000001010010110000100101101000100110001110111011010110111000001010101010101110100000
101111101111000111000100000011001001101010101100001101100110000110111100011000011100011011010000100001111111011111000100101110001100000011000000101111101111000111000100000011001001101010101100001101100110000110111100011000011100011011010000100001111111011111000100101110001100000011000000
001001100010111100011000110111110000001111011010000010101110010010101100111010100000010001000100010101111101111111010100001001110100100011000000001001100010111100011000110111110000001111011010000010101110010010101100111010100000010001000100010101111101111111010100001001110100100011000000
110001011000001101000110011110110100001111101010011000011100010010011100101101000001110010101000100110000110101011100000110000111000000011100000110001011000001101000110011110110100001111101010011000011100010010011100101101000001110010101000100110000110101011100000110000111000000011100000
010110101011001101000000110110100011010110011110001110010001000000011100101011001011111100111000111110001011000111111110000111000000011100000000010110101011001101000000110110100011010110011110001110010001000000011100101011001011111100111000111110001011000111111110000111000000011100000000
000100011101000001000000101101111001000011100100110101101111001101100010111101010101001010000110010110100010100010110100110010010010101001000000000100011101000001000000101101111001000011100100110101101111001101100010111101010101001010000110010110100010100010110100110010010010101001000000
100110010100001111111000100001000010010101000000111010011100001011010100110111000100011011110000100001000010111011100010100011111000011111100000100110010100001111111000100001000010010101000000111010011100001011010100110111000100011011110000100001000010111011100010100011111000011111100000
111010110010110111001010001101110101101110111000010001101110001110001110001000100001001000100010001110010110100110110100111000010010101001000000111010110010110111001010001101110101101110111000010001101110001110001110001000100001001000100010001110010110100110110100111000010010101001000000
100101111111001110101110001101011101011001011110110100100101001111110000100010001000111000100010011010010100010101100100100101100110010010000000100101111111001110101110001101011101011001011110110100100101001111110000100010001000111000100010011010010100010101100100100101100110010010000000
110011111110010000101110100110100101110111101100100011011001100010101000101011111000110101101100110010101111011010011010110011000110001010000000110011111110010000101110100110100101110111101100100011011001100010101000101011111000110101101100110010101111011010011010110011000110001010000000
010000101000010001100110101000101110011011111100110111010111111001100110000101110111100111001000101110010100101100110010101110011100111100100000010000101000010001100110101000101110011011111100110111010111111001100110000101110111100111001000101110010100101100110010101110011100111100100000
101001000011001000011110001101110111101001010110111001001001010101011010010000111111001111100000011111110011111111111110010111001000100111100000101001000011001000011110001101110111101001010110111001001001010101011010010000111111001111100000011111110011111111111110010111001000100111100000
001110000110011000011100011100100111001011000000010111000011110000000110111000111100110011111000100101110111001000011100110000111100111100000000001110000110011000011100011100100111001011000000010111000011110000000110111000111100110011111000100101110111001000011100110000111100111100000000
001101001010101000101100010010100001001110100000000100110111001000110010011110001011100100000010000111100001111101100100110011100100001010000000001101001010101000101100010010100001001110100000000100110111001000110010011110001011100100000010000111100001111101100100110011100100001010000000
010001100100000011000000010010111001011000001100101110011110110001100000101111111010100110011110101010001111001100110010010001110010000111000000010001100100000011000000010010111001011000001100101110011110110001100000101111111010100110011110101010001111001100110010010001110010000111000000
111101000110111011001010110001000000001100111000001001101010101001011000100000011111101111001110001001010010010101111000000011011110101001100000111101000110111011001010110001000000001100111000001001101010101001011000100000011111101111001110001001010010010101111000000011011110101001100000
110010000110111000000000101101101010111001001000100001110110010010101110101111000010010111110110000101110110101010011010110011100110100001100000110010000110111000000000101101101010111001001000100001110110010010101110101111000010010111110110000101110110101010011010110011100110100001100000
010101110000111100110100111011010010101010010010001111110000101110010100011001011100010111011110001110011101000010000110010100011110100010000000010101110000111100110100111011010010101010010010001111110000101110010100011001011100010111011110001110011101000010000110010100011110100010000000
010101100111001110100100110011010001010111101110000111010000010011001110001111100000001001101010111110001011110110000110010100011110010011100000010101100111001110100100110011010001010111101110000111010000010011001110001111100000001001101010111110001011110110000110010100011110010011100000
110110111010101011011110010101000111001100101000100001000010111011100100100100110101011011010100000001001010000100101110001001110100011101100000110110111010101011011110010101000111001100101000100001000010111011100100100100110101011011010100000001001010000100101110001001110100011101100000
001101111001101111101110001010011101010100101110001010100010110111101100001000101000000111010100001111101101000101100100110011100110001010100000001101111001101111101110001010011101010100101110001010100010110111101100001000101000000111010100001111101101000101100100110011100110001010100000
