Z checks
111111111111000000000000000000000000000000000000000000000000000000000000000000000000000000000000000000000000000000000000000000000000000000000000000000000000000000000000000000000000000000000000000000000000000000000000000000000000000000000000000000000000000000000000000000000000000000000000
000000000000111111111111000000000000000000000000000000000000000000000000000000000000000000000000000000000000000000000000000000000000000000000000000000000000000000000000000000000000000000000000000000000000000000000000000000000000000000000000000000000000000000000000000000000000000000000000
000000000000000000000000111111111111000000000000000000000000000000000000000000000000000000000000000000000000000000000000000000000000000000000000000000000000000000000000000000000000000000000000000000000000000000000000000000000000000000000000000000000000000000000000000000000000000000000000
000000000000000000000000000000000000111111111111000000000000000000000000000000000000000000000000000000000000000000000000000000000000000000000000000000000000000000000000000000000000000000000000000000000000000000000000000000000000000000000000000000000000000000000000000000000000000000000000
000000000000000000000000000000000000000000000000111111111111000000000000000000000000000000000000000000000000000000000000000000000000000000000000000000000000000000000000000000000000000000000000000000000000000000000000000000000000000000000000000000000000000000000000000000000000000000000000
000000000000000000000000000000000000000000000000000000000000111111111111000000000000000000000000000000000000000000000000000000000000000000000000000000000000000000000000000000000000000000000000000000000000000000000000000000000000000000000000000000000000000000000000000000000000000000000000
000000000000000000000000000000000000000000000000000000000000000000000000111111111111000000000000000000000000000000000000000000000000000000000000000000000000000000000000000000000000000000000000000000000000000000000000000000000000000000000000000000000000000000000000000000000000000000000000
000000000000000000000000000000000000000000000000000000000000000000000000000000000000111111111111000000000000000000000000000000000000000000000000000000000000000000000000000000000000000000000000000000000000000000000000000000000000000000000000000000000000000000000000000000000000000000000000
000000000000000000000000000000000000000000000000000000000000000000000000000000000000000000000000111111111111000000000000000000000000000000000000000000000000000000000000000000000000000000000000000000000000000000000000000000000000000000000000000000000000000000000000000000000000000000000000
000000000000000000000000000000000000000000000000000000000000000000000000000000000000000000000000000000000000111111111111000000000000000000000000000000000000000000000000000000000000000000000000000000000000000000000000000000000000000000000000000000000000000000000000000000000000000000000000
000000000000000000000000000000000000000000000000000000000000000000000000000000000000000000000000000000000000000000000000111111111111000000000000000000000000000000000000000000000000000000000000000000000000000000000000000000000000000000000000000000000000000000000000000000000000000000000000
000000000000000000000000000000000000000000000000000000000000000000000000000000000000000000000000000000000000000000000000000000000000111111111111000000000000000000000000000000000000000000000000000000000000000000000000000000000000000000000000000000000000000000000000000000000000000000000000
000000000000000000000000000000000000000000000000000000000000000000000000000000000000000000000000000000000000000000000000000000000000000000000000111111111111000000000000000000000000000000000000000000000000000000000000000000000000000000000000000000000000000000000000000000000000000000000000
000000000000000000000000000000000000000000000000000000000000000000000000000000000000000000000000000000000000000000000000000000000000000000000000000000000000111111111111000000000000000000000000000000000000000000000000000000000000000000000000000000000000000000000000000000000000000000000000
000000000000000000000000000000000000000000000000000000000000000000000000000000000000000000000000000000000000000000000000000000000000000000000000000000000000000000000000111111111111000000000000000000000000000000000000000000000000000000000000000000000000000000000000000000000000000000000000
000000000000000000000000000000000000000000000000000000000000000000000000000000000000000000000000000000000000000000000000000000000000000000000000000000000000000000000000000000000000111111111111000000000000000000000000000000000000000000000000000000000000000000000000000000000000000000000000
000000000000000000000000000000000000000000000000000000000000000000000000000000000000000000000000000000000000000000000000000000000000000000000000000000000000000000000000000000000000000000000000111111111111000000000000000000000000000000000000000000000000000000000000000000000000000000000000
000000000000000000000000000000000000000000000000000000000000000000000000000000000000000000000000000000000000000000000000000000000000000000000000000000000000000000000000000000000000000000000000000000000000111111111111000000000000000000000000000000000000000000000000000000000000000000000000
000000000000000000000000000000000000000000000000000000000000000000000000000000000000000000000000000000000000000000000000000000000000000000000000000000000000000000000000000000000000000000000000000000000000000000000000111111111111000000000000000000000000000000000000000000000000000000000000
000000000000000000000000000000000000000000000000000000000000000000000000000000000000000000000000000000000000000000000000000000000000000000000000000000000000000000000000000000000000000000000000000000000000000000000000000000000000111111111111000000000000000000000000000000000000000000000000
000000000000000000000000000000000000000000000000000000000000000000000000000000000000000000000000000000000000000000000000000000000000000000000000000000000000000000000000000000000000000000000000000000000000000000000000000000000000000000000000111111111111000000000000000000000000000000000000
000000000000000000000000000000000000000000000000000000000000000000000000000000000000000000000000000000000000000000000000000000000000000000000000000000000000000000000000000000000000000000000000000000000000000000000000000000000000000000000000000000000000111111111111000000000000000000000000
000000000000000000000000000000000000000000000000000000000000000000000000000000000000000000000000000000000000000000000000000000000000000000000000000000000000000000000000000000000000000000000000000000000000000000000000000000000000000000000000000000000000000000000000111111111111000000000000
000000000000000000000000000000000000000000000000000000000000000000000000000000000000000000000000000000000000000000000000000000000000000000000000000000000000000000000000000000000000000000000000000000000000000000000000000000000000000000000000000000000000000000000000000000000000111111111111
000011001100000011001100000011001100000011001100000011001100000011001100000011001100000011001100000011001100000011001100000011001100000011001100000000000000000000000000000000000000000000000000000000000000000000000000000000000000000000000000000000000000000000000000000000000000000000000000
000000000000000000000000000000000000000000000000000000000000000000000000000000000000000000000000000000000000000000000000000000000000000000000000010100010010010100010010010100010010010100010010010100010010010100010010010100010010010100010010010100010010010100010010010100010010010100010010
010100010010010100010010010100010010010100010010010100010010010100010010010100010010010100010010010100010010010100010010010100010010010100010010000000000000000000000000000000000000000000000000000000000000000000000000000000000000000000000000000000000000000000000000000000000000000000000000
000000000000000000000000000000000000000000000000000000000000000000000000000000000000000000000000000000000000000000000000000000000000000000000000000011001100000011001100000011001100000011001100000011001100000011001100000011001100000011001100000011001100000011001100000011001100000011001100
000000000000000000000000000000000000000000000000000000000000000000000000000000000000000000000000000000000000000000000000000000000000000000000000110001101010110001101010001110010101110001101010110001101010001110010101001110010101110001101010001110010101001110010101110001101010001110010101
100101111000011010000111100101111000100101111000011010000111011010000111011010000111100101111000100101111000011010000111011010000111100101111000000000000000000000000000000000000000000000000000000000000000000000000000000000000000000000000000000000000000000000000000000000000000000000000000
100010011011100010011011100010011011011101100100011101100100100010011011011101100100100010011011100010011011100010011011100010011011011101100100000000000000000000000000000000000000000000000000000000000000000000000000000000000000000000000000000000000000000000000000000000000000000000000000
000000000000000000000000000000000000000000000000000000000000000000000000000000000000000000000000000000000000000000000000000000000000000000000000110110001001001001110110001001110110001001110110110110001001110110001001001001110110110110001001001001110110110110001001001001110110110110001001
100010000101100010010010010001000000100000010000000001001000101000000000000000100001000001100000100101001000000100000010010000010110001000000001100010000101100010010010010001000000100000010000000001001000101000000000000000100001000001100000100101001000000100000010010000010110001000000001
100000010000010000010000010001100100000000001001000000000000100101000001010010001100001100000101000100100000100000011010010100000000000000100100100000010000010000010000010001100100000000001001000000000000100101000001010010001100001100000101000100100000100000011010010100000000000000100100
000101010010100001000000000000000000100100010001100000001000100001000101011000100010011010100000000100110001100001001010000000000000000100000001000101010010100001000000000000000000100100010001100000001000100001000101011000100010011010100000000100110001100001001010000000000000000100000001
001010100100000011000000001000000100100001011011000110010010000100010101000000001010001000000100010000100000010001000000000000100001010000000010001010100100000011000000001000000100011110100100000110010010000100010101000000001010001000000100010000100000010001000000000000100001010000000010
000000010100000101100001010000000010100101001000000101010010000000100001000000110000101001001000000000001010001100000000000000001001100000111000000000010100000101100001010000000010100101001000000101010010000000100001000000110000101001001000000000001010001100000000000000001001100000111000
101000000000000100000001011000000000000010000010000100100000010110100000001011110010010000001000000000100001000011000011011000000000001010010001101000000000000100000001011000000000000010000010000100100000010110100000110100001101010000001000000000100001000011000011011000000000001010010001
000000111010010000001011000010000010010100001010000000100010011000000000001000101010100100010100000001000100000100001000000100001000000000100010000000111010010000001011000010000010010100001010000000100010011000000000001000101010100100010100000001000100000100001000000100001000000000100010
010100000101010100000000000100100000010001010001000000110110000100110010100100011000000001000010000000000000010101000010010000100000100000000010010100000101010100000000000100100000010001010001000000110110000100110010100100011000000001000010000000000000010101000010010000100000100000000010
000001001000000100001000000000100100000111100000011010000001100011001000010000010000001000010110000010001000000010000001010000001011000000001010000001001000000100001000000000100100000111100000011010000001100011001000010000010000001000010110000010001000000010000001010000001011000000001010
001000000100001100010001001000010000001010001100000100010000000000011110110000000000000010100000010000100011001000011010001000001000100001000000001000000100001100010001001000010000001010001100000100010000000000011110110000000000000010100000010000100011001000011010001000001000100001000000
000100001011100100000101100000010000001100000000010000010000000001011001010100001100000100001011000000000011000000000000101010010000000001000100000100001011100100000101100000010000001100000000010000010000000001011001010100001100000100001011000000000011000000000000101010010000000001000100
000000010010100010000000001000101001000000100010100000100000000010001000001001000011101001010000000000110000000011000000100001010100000010001011000000010010100010000000001000101001000000100010100000100000000010001000001001000011101001010000000000110000000011000000100001010100000010001011
100010000000000101001001000000000011000010000001000000000000000011011000100100010100000001010110011010010000100000000010000001010000110001001000100010000000000101001001000000000011000010000001000000000000000011011000100100010100000001010110011010010000100000000010000001010000110001001000
000000100010110000010001110000000000000010000010001000011001000001100000001011010000000001100000000100000010101001001000000010100000000000100111000000100010110000010001110000000000000010000010001000011001000001100000001011010000000001100000000100000010101001001000000010100000000000100111
001000000111000101000000010100001001001000000100100010000000011000000011000000101000000010100000010001011000000000000000000110001001000011001010001000000111000101000000010100001001001000000100100010000000011000000011000000101000000010100000010001011000000000000000000110001001000011001010
000000010100000000011000000110000000000010001000011000000110000110101000010001001100100000000010110010000001010010000000011001000100001110000001000000010100000000011000000110000000000010001000011000000110000110101000010001001100100000000010110010000001010010000000011001000100001110000001
101000010010001100100010101000011000000000000110000010010011100000000010010000000100000100101100000001011001000101000000001000010000000000000101101000010010001100100010101000011000000000000110000010010011100000000010010000000100000100101100000001011001000101000000001000010000000000000101
100000000100101001011001101000100001000010000010000100000010100001101000000000000000011010100000011010000100011000000000100010000000100110000100100000000100101001011001101000100001000010000010000100000010100001101000000000000000011010100000011010000100011000000000100010000000100110000100
000000100100110000110000010110000010111000000001100000010000100010000000000000000011000010000010010100000101001000000001001100010111010000010000000000100100110000110000010110000010111000000001100000010000100010000000000000000011000010000010010100000101001000000001001100010111010000010000
100010000000101000100010000000001100000000110000000001010110000001010000000001010000001100010010000100100000010001000000000101001111001100101000100010000000101000100010000000001100000000110000000001010110000001010000000001010000001100010010000100100000010001000000000101001111001100101000
001001100010000010000100010000101100001001110110000000000000100001000000100000010000010100000000000011000000100110001000100101000010100100000110001001100010000010000100010000101100001001110110000000000000100001000000100000010000010100000000000011000000100110001000100101000010100100000110

observable
001011111110101000110000100111000000000000000000000000000000000000000000000000000000000000000000000000000000000000000000000000000000000000000000000000000000000000000000000000000000000000000000000000000000000000000000000000000000000000000000000000000000000000000000000000000000000000000000

X checks
111111111111000000000000000000000000000000000000000000000000000000000000000000000000000000000000000000000000000000000000000000000000000000000000000000000000000000000000000000000000000000000000000000000000000000000000000000000000000000000000000000000000000000000000000000000000000000000000
000000000000111111111111000000000000000000000000000000000000000000000000000000000000000000000000000000000000000000000000000000000000000000000000000000000000000000000000000000000000000000000000000000000000000000000000000000000000000000000000000000000000000000000000000000000000000000000000
000000000000000000000000111111111111000000000000000000000000000000000000000000000000000000000000000000000000000000000000000000000000000000000000000000000000000000000000000000000000000000000000000000000000000000000000000000000000000000000000000000000000000000000000000000000000000000000000
000000000000000000000000000000000000111111111111000000000000000000000000000000000000000000000000000000000000000000000000000000000000000000000000000000000000000000000000000000000000000000000000000000000000000000000000000000000000000000000000000000000000000000000000000000000000000000000000
000000000000000000000000000000000000000000000000111111111111000000000000000000000000000000000000000000000000000000000000000000000000000000000000000000000000000000000000000000000000000000000000000000000000000000000000000000000000000000000000000000000000000000000000000000000000000000000000
000000000000000000000000000000000000000000000000000000000000111111111111000000000000000000000000000000000000000000000000000000000000000000000000000000000000000000000000000000000000000000000000000000000000000000000000000000000000000000000000000000000000000000000000000000000000000000000000
000000000000000000000000000000000000000000000000000000000000000000000000111111111111000000000000000000000000000000000000000000000000000000000000000000000000000000000000000000000000000000000000000000000000000000000000000000000000000000000000000000000000000000000000000000000000000000000000
000000000000000000000000000000000000000000000000000000000000000000000000000000000000111111111111000000000000000000000000000000000000000000000000000000000000000000000000000000000000000000000000000000000000000000000000000000000000000000000000000000000000000000000000000000000000000000000000
000000000000000000000000000000000000000000000000000000000000000000000000000000000000000000000000111111111111000000000000000000000000000000000000000000000000000000000000000000000000000000000000000000000000000000000000000000000000000000000000000000000000000000000000000000000000000000000000
000000000000000000000000000000000000000000000000000000000000000000000000000000000000000000000000000000000000111111111111000000000000000000000000000000000000000000000000000000000000000000000000000000000000000000000000000000000000000000000000000000000000000000000000000000000000000000000000
000000000000000000000000000000000000000000000000000000000000000000000000000000000000000000000000000000000000000000000000111111111111000000000000000000000000000000000000000000000000000000000000000000000000000000000000000000000000000000000000000000000000000000000000000000000000000000000000
000000000000000000000000000000000000000000000000000000000000000000000000000000000000000000000000000000000000000000000000000000000000111111111111000000000000000000000000000000000000000000000000000000000000000000000000000000000000000000000000000000000000000000000000000000000000000000000000
000000000000000000000000000000000000000000000000000000000000000000000000000000000000000000000000000000000000000000000000000000000000000000000000111111111111000000000000000000000000000000000000000000000000000000000000000000000000000000000000000000000000000000000000000000000000000000000000
000000000000000000000000000000000000000000000000000000000000000000000000000000000000000000000000000000000000000000000000000000000000000000000000000000000000111111111111000000000000000000000000000000000000000000000000000000000000000000000000000000000000000000000000000000000000000000000000
000000000000000000000000000000000000000000000000000000000000000000000000000000000000000000000000000000000000000000000000000000000000000000000000000000000000000000000000111111111111000000000000000000000000000000000000000000000000000000000000000000000000000000000000000000000000000000000000
000000000000000000000000000000000000000000000000000000000000000000000000000000000000000000000000000000000000000000000000000000000000000000000000000000000000000000000000000000000000111111111111000000000000000000000000000000000000000000000000000000000000000000000000000000000000000000000000
000000000000000000000000000000000000000000000000000000000000000000000000000000000000000000000000000000000000000000000000000000000000000000000000000000000000000000000000000000000000000000000000111111111111000000000000000000000000000000000000000000000000000000000000000000000000000000000000
000000000000000000000000000000000000000000000000000000000000000000000000000000000000000000000000000000000000000000000000000000000000000000000000000000000000000000000000000000000000000000000000000000000000111111111111000000000000000000000000000000000000000000000000000000000000000000000000
000000000000000000000000000000000000000000000000000000000000000000000000000000000000000000000000000000000000000000000000000000000000000000000000000000000000000000000000000000000000000000000000000000000000000000000000111111111111000000000000000000000000000000000000000000000000000000000000
000000000000000000000000000000000000000000000000000000000000000000000000000000000000000000000000000000000000000000000000000000000000000000000000000000000000000000000000000000000000000000000000000000000000000000000000000000000000111111111111000000000000000000000000000000000000000000000000
000000000000000000000000000000000000000000000000000000000000000000000000000000000000000000000000000000000000000000000000000000000000000000000000000000000000000000000000000000000000000000000000000000000000000000000000000000000000000000000000111111111111000000000000000000000000000000000000
000000000000000000000000000000000000000000000000000000000000000000000000000000000000000000000000000000000000000000000000000000000000000000000000000000000000000000000000000000000000000000000000000000000000000000000000000000000000000000000000000000000000111111111111000000000000000000000000
000000000000000000000000000000000000000000000000000000000000000000000000000000000000000000000000000000000000000000000000000000000000000000000000000000000000000000000000000000000000000000000000000000000000000000000000000000000000000000000000000000000000000000000000111111111111000000000000
000000000000000000000000000000000000000000000000000000000000000000000000000000000000000000000000000000000000000000000000000000000000000000000000000000000000000000000000000000000000000000000000000000000000000000000000000000000000000000000000000000000000000000000000000000000000111111111111
101000100001101000100001101000100001101000100001101000100001101000100001101000100001101000100001101000100001101000100001101000100001101000100001000000000000000000000000000000000000000000000000000000000000000000000000000000000000000000000000000000000000000000000000000000000000000000000000
000000000000000000000000000000000000000000000000000000000000000000000000000000000000000000000000000000000000000000000000000000000000000000000000000011001100000011001100000011001100000011001100000011001100000011001100000011001100000011001100000011001100000011001100000011001100000011001100
000000000000000000000000000000000000000000000000000000000000000000000000000000000000000000000000000000000000000000000000000000000000000000000000010100010010010100010010010100010010010100010010010100010010010100010010010100010010010100010010010100010010010100010010010100010010010100010010
000011001100000011001100000011001100000011001100000011001100000011001100000011001100000011001100000011001100000011001100000011001100000011001100000000000000000000000000000000000000000000000000000000000000000000000000000000000000000000000000000000000000000000000000000000000000000000000000
011110101000011110101000100001010111100001010111011110101000100001010111100001010111100001010111100001010111100001010111100001010111011110101000000000000000000000000000000000000000000000000000000000000000000000000000000000000000000000000000000000000000000000000000000000000000000000000000
001111000011110000111100001111000011110000111100110000111100110000111100110000111100001111000011110000111100110000111100001111000011001111000011000000000000000000000000000000000000000000000000000000000000000000000000000000000000000000000000000000000000000000000000000000000000000000000000
000000000000000000000000000000000000000000000000000000000000000000000000000000000000000000000000000000000000000000000000000000000000000000000000110110001001001001110110001001110110001001110110110110001001001001110110110110001001110110001001001001110110110110001001001001110110001001110110
000000000000000000000000000000000000000000000000000000000000000000000000000000000000000000000000000000000000000000000000000000000000000000000000101101011000010010100111101101011000010010100111101101011000010010100111010010100111010010100111101101011000101101011000101101011000010010100111
101000000101000010010011010001000000000000010001000001001000001000000001100000100000000001100000000101001001000100000010010000010110101000000101101000000101000010010011010001000000000000010001000001001000001000000001100000100000000001100000000101001001000100000010010000010110101000000101
110001000100110000001010000010000010010100001010000000100010011000000000001000101010000100010101000001000100000100001000000100001000000000101000110001000100110000001010000010000010010100001010000000100010011000000000001000101010000100010101000001000100000100001000000100001000000000101000
001000101100000100010000001100000000000000100001000110000000101000011000000000010100001010100010000010010000000010111000000001000100110001100000001000101100000100010000001100000000000000100001000110000000101000011000000000010100001010100010000010010000000010111000000001000100110001100000
010000011001010010000101000000100001001011000010101100010000100100000000010100010001000000000000010000000010011010010000010010000000010010000000010000011001010010000101000000100001001011000010101100010000100100000000010100010001000000000000010000000010011010010000010010000000010010000000
011100010000010000010000010001100100100000001000000000000000100101000001010010001100101100000100000100100000000000011011010100000000000000101000011100010000010000010000010001100100100000001000000000000000100101000001010010001100101100000100000100100000000000011011010100000000000000101000
001100000000100100000000011000000000000010000010000100100000010110100000001011110010010000001000100000100000100011000010011000000000010101100000001100000000100100000000011000000000000010000010000100100000010110100000001011110010010000001000100000100000100011000010011000000000010101100000
110000000101010100000000000100100000110001010000000000110110000100110010000100011001000001000010000000000000010101000010010000100000000000001100110000000101010100000000000100100000110001010000000000110110000100110010000100011001000001000010000000000000010101000010010000100000000000001100
000010110010010010000000100001000000001010011000010000010110000110100010000010000001000000001010000010010000100001000000000000010100111000010000000010110010010010000000100001000000001010011000010000010110000110100010000010000001000000001010000010010000100001000000000000010100111000010000
110000101000110001001110001010010100000000000011000000101000011000000000001010001010000111010011001111000101010100001100001011001000110000101000110000101000110001001110001010010100000000000011000000101000011000000000001010001010000111010011001111000101010100001100001011001000110000101000
100010001010100100000101000000010001001100000000010000010000100001011000010100001100100100001010100000000010000000000000001010010001000001010000100010001010100100000101000000010001001100000000010000010000100001011000010100001100100100001010100000000010000000000000001010010001000001010000
000000100100101010000001100100010100000000111001110000000000000110010100000000101000100000100000001000001011100000000010100000000010010001100100000000100100101010000001100100010100000000111001110000000000000110010100000000101000100000100000001000001011100000000010100000000010010001100100
100010001001010010110000100001100100100010001001000100001000000101010001000010001110101100100000000011101000010000111000100000000100101001100011100010001001010010110000100001100100100010001001000100001000000101010001000010001110101100100000000011101000010000111000100000000100101001100011
000001000100001001100100000101000000010000000001010000000010100101110100000001000100001000001000101101000000000001001000001100110000000011010100000001000100001001100100000101000000010000000001010000000010011010001011000001000100001000001000101101000000000001001000001100110000000011010100
000100011010001001011101010010001010010001000000000000000101010000000010100000100000000000000000001011000100000110010010001100000000001000011100000100011010001001011101010010001010010001000000000000000101010000000010100000100000000000000000001011000100000110010010001100000000001000011100
000000001010000100000010010000000100000000011000010101000010010110000100000000010001000011110000000010000111000010100000001110000100100100010100000000001010000100000010010000000100000000011000010101000010010110000100000000010001000011110000000010000111000010100000001110000100100100010100
010000100110000100001011010010000000000101010010100100100100000000000000000000000000000110010001000000100100010111010100000100000010010000011100010000100110000100001011010010000000000101010010100100100100000000000000000000000000000110010001000000100100010111010100000100000010010000011100
000010000001101100010000011110000000101001000010000010000100000011001100000000011000000000000000001100100100001000100110010011010000000100000010000010000001101100010000011110000000101001000010000010000100000011001100000000011000000000000000001100100100001000100110010011010000000100000010
000000000011000001100000010101001000000110011000100000010000010011011100010001100010000001001000100010000000000000010001100000100101000100000001000000000011000001100000101010110111000110011000100000010000101100100011010001100010000001001000100010000000000000010001100000100101000100000001
011100100000000000111001000000000000001000100000001000101010000111001110100000000001010010110000000101000000000100100000111000001000000101000000011100100000000000111001000000000000001000100000001000101010111000110001100000000001010010110000000101000000000100100000111000001000000101000000
000001000001001000001000110100000001000101101000010000000010000001001000000100000001000100100110010010100001000010111000010000100000100101001000000001000001001000001000110100000001000101101000010000000010000001001000000100000001000100100110010010100001000010111000010000100000100101001000
100000010000101010000100010100010100000101100001000000001010000000001001100001010001000100011001000110000000000001100000000100000001010000110010100000010000101010000100010100010100000101100001000000001010000000001001100001010001000100011001000110000000000001100000000100000001010000110010
