Z checks
111111111111000000000000000000000000000000000000000000000000000000000000000000000000000000000000000000000000000000000000000000000000000000000000000000000000000000000000000000000000000000000000000000000000000000000000000000000000000000000000000000000000000000000000000000000000000000000000
000000000000111111111111000000000000000000000000000000000000000000000000000000000000000000000000000000000000000000000000000000000000000000000000000000000000000000000000000000000000000000000000000000000000000000000000000000000000000000000000000000000000000000000000000000000000000000000000
000000000000000000000000111111111111000000000000000000000000000000000000000000000000000000000000000000000000000000000000000000000000000000000000000000000000000000000000000000000000000000000000000000000000000000000000000000000000000000000000000000000000000000000000000000000000000000000000
000000000000000000000000000000000000111111111111000000000000000000000000000000000000000000000000000000000000000000000000000000000000000000000000000000000000000000000000000000000000000000000000000000000000000000000000000000000000000000000000000000000000000000000000000000000000000000000000
000000000000000000000000000000000000000000000000111111111111000000000000000000000000000000000000000000000000000000000000000000000000000000000000000000000000000000000000000000000000000000000000000000000000000000000000000000000000000000000000000000000000000000000000000000000000000000000000
000000000000000000000000000000000000000000000000000000000000111111111111000000000000000000000000000000000000000000000000000000000000000000000000000000000000000000000000000000000000000000000000000000000000000000000000000000000000000000000000000000000000000000000000000000000000000000000000
000000000000000000000000000000000000000000000000000000000000000000000000111111111111000000000000000000000000000000000000000000000000000000000000000000000000000000000000000000000000000000000000000000000000000000000000000000000000000000000000000000000000000000000000000000000000000000000000
000000000000000000000000000000000000000000000000000000000000000000000000000000000000111111111111000000000000000000000000000000000000000000000000000000000000000000000000000000000000000000000000000000000000000000000000000000000000000000000000000000000000000000000000000000000000000000000000
000000000000000000000000000000000000000000000000000000000000000000000000000000000000000000000000111111111111000000000000000000000000000000000000000000000000000000000000000000000000000000000000000000000000000000000000000000000000000000000000000000000000000000000000000000000000000000000000
000000000000000000000000000000000000000000000000000000000000000000000000000000000000000000000000000000000000111111111111000000000000000000000000000000000000000000000000000000000000000000000000000000000000000000000000000000000000000000000000000000000000000000000000000000000000000000000000
000000000000000000000000000000000000000000000000000000000000000000000000000000000000000000000000000000000000000000000000111111111111000000000000000000000000000000000000000000000000000000000000000000000000000000000000000000000000000000000000000000000000000000000000000000000000000000000000
000000000000000000000000000000000000000000000000000000000000000000000000000000000000000000000000000000000000000000000000000000000000111111111111000000000000000000000000000000000000000000000000000000000000000000000000000000000000000000000000000000000000000000000000000000000000000000000000
000000000000000000000000000000000000000000000000000000000000000000000000000000000000000000000000000000000000000000000000000000000000000000000000111111111111000000000000000000000000000000000000000000000000000000000000000000000000000000000000000000000000000000000000000000000000000000000000
000000000000000000000000000000000000000000000000000000000000000000000000000000000000000000000000000000000000000000000000000000000000000000000000000000000000111111111111000000000000000000000000000000000000000000000000000000000000000000000000000000000000000000000000000000000000000000000000
000000000000000000000000000000000000000000000000000000000000000000000000000000000000000000000000000000000000000000000000000000000000000000000000000000000000000000000000111111111111000000000000000000000000000000000000000000000000000000000000000000000000000000000000000000000000000000000000
000000000000000000000000000000000000000000000000000000000000000000000000000000000000000000000000000000000000000000000000000000000000000000000000000000000000000000000000000000000000111111111111000000000000000000000000000000000000000000000000000000000000000000000000000000000000000000000000
000000000000000000000000000000000000000000000000000000000000000000000000000000000000000000000000000000000000000000000000000000000000000000000000000000000000000000000000000000000000000000000000111111111111000000000000000000000000000000000000000000000000000000000000000000000000000000000000
000000000000000000000000000000000000000000000000000000000000000000000000000000000000000000000000000000000000000000000000000000000000000000000000000000000000000000000000000000000000000000000000000000000000111111111111000000000000000000000000000000000000000000000000000000000000000000000000
000000000000000000000000000000000000000000000000000000000000000000000000000000000000000000000000000000000000000000000000000000000000000000000000000000000000000000000000000000000000000000000000000000000000000000000000111111111111000000000000000000000000000000000000000000000000000000000000
000000000000000000000000000000000000000000000000000000000000000000000000000000000000000000000000000000000000000000000000000000000000000000000000000000000000000000000000000000000000000000000000000000000000000000000000000000000000111111111111000000000000000000000000000000000000000000000000
000000000000000000000000000000000000000000000000000000000000000000000000000000000000000000000000000000000000000000000000000000000000000000000000000000000000000000000000000000000000000000000000000000000000000000000000000000000000000000000000111111111111000000000000000000000000000000000000
000000000000000000000000000000000000000000000000000000000000000000000000000000000000000000000000000000000000000000000000000000000000000000000000000000000000000000000000000000000000000000000000000000000000000000000000000000000000000000000000000000000000111111111111000000000000000000000000
000000000000000000000000000000000000000000000000000000000000000000000000000000000000000000000000000000000000000000000000000000000000000000000000000000000000000000000000000000000000000000000000000000000000000000000000000000000000000000000000000000000000000000000000111111111111000000000000
000000000000000000000000000000000000000000000000000000000000000000000000000000000000000000000000000000000000000000000000000000000000000000000000000000000000000000000000000000000000000000000000000000000000000000000000000000000000000000000000000000000000000000000000000000000000111111111111
011101100100011101100100011101100100011101100100011101100100011101100100011101100100011101100100011101100100011101100100011101100100011101100100000000000000000000000000000000000000000000000000000000000000000000000000000000000000000000000000000000000000000000000000000000000000000000000000
001010111010001010111010001010111010001010111010001010111010001010111010001010111010001010111010001010111010001010111010001010111010001010111010000000000000000000000000000000000000000000000000000000000000000000000000000000000000000000000000000000000000000000000000000000000000000000000000
000100101111000100101111000100101111000100101111000100101111000100101111000100101111000100101111000100101111000100101111000100101111000100101111000000000000000000000000000000000000000000000000000000000000000000000000000000000000000000000000000000000000000000000000000000000000000000000000
000011001100000011001100000011001100000011001100000011001100000011001100000011001100000011001100000011001100000011001100000011001100000011001100000000000000000000000000000000000000000000000000000000000000000000000000000000000000000000000000000000000000000000000000000000000000000000000000
000000000000000000000000000000000000000000000000000000000000000000000000000000000000000000000000000000000000000000000000000000000000000000000000011101100100011101100100011101100100011101100100011101100100011101100100011101100100011101100100011101100100011101100100011101100100011101100100
000000000000000000000000000000000000000000000000000000000000000000000000000000000000000000000000000000000000000000000000000000000000000000000000001010111010001010111010001010111010001010111010001010111010001010111010001010111010001010111010001010111010001010111010001010111010001010111010
000000000000000000000000000000000000000000000000000000000000000000000000000000000000000000000000000000000000000000000000000000000000000000000000000100101111000100101111000100101111000100101111000100101111000100101111000100101111000100101111000100101111000100101111000100101111000100101111
000000000000000000000000000000000000000000000000000000000000000000000000000000000000000000000000000000000000000000000000000000000000000000000000000011001100000011001100000011001100000011001100000011001100000011001100000011001100000011001100000011001100000011001100000011001100000011001100
000111011100001111001100110001110010001000001110111100000000111101101010010110111000001111001100001110001110011110100100101111110100010101100000000111011100001111001100110001110010001000001110111100000000111101101010010110111000001111001100001110001110011110100100101111110100010101100000
100100101000110111110100000011000110111111010010001011010000001001001010111000111110110100010000100111110110011110010100111111110000111111000000100100101000110111110100000011000110111111010010001011010000001001001010111000111110110100010000100111110110011110010100111111110000111111000000
101000110110101110001100110010110100110010010110011011000110100001001100111000101010111101001000100110001110010100000110010000101100000001100000101000110110101110001100110010110100110010010110011011000110100001001100111000101010111101001000100110001110010100000110010000101100000001100000
001110011100001001101000110001100110000101100100010011011100010101011010111010101000000010001110111110011010111101010000110110101110010011100000001110011100001001101000110001100110000101100100010011011100010101011010111010101000000010001110111110011010111101010000110110101110010011100000
111111110000000100000100001001101000001111100010011010111000110010111000011110010010101000001010111111001010011011000000101100101100101011000000111111110000000100000100001001101000001111100010011010111000110010111000011110010010101000001010111111001010011011000000101100101100101011000000
100110111000101011001100100110011100111100111010111011101100101011010100101110011000110010111110110000000000011110111010101111001000110010100000100110111000101011001100100110011100111100111010111011101100101011010100101110011000110010111110110000000000011110111010101111001000110010100000
010001110000111100010100010001011110111001001100011000011000101111000100011100110100101000101000100010000000111110010110001100110000111010000000010001110000111100010100010001011110111001001100011000011000101111000100011100110100101000101000100010000000111110010110001100110000111010000000
010100110000100110011100010100000000110001000010011101000110110110111100000100011010111101110010111010100010011010000010001010011110110100100000010100110000100110011100010100000000110001000010011101000110110110111100000100011010111101110010111010100010011010000010001010011110110100100000
001101010110011101000000110010111000100101111000010110000010111110101010000101000110011111101100100000110010001011010000011111100000100011100000001101010110011101000000110010111000100101111000010110000010111110101010000101000110011111101100100000110010001011010000011111100000100011100000
100000001000000011100100000011111010011100110100001110110100001111111010100101001000101011100100000011111010110000110000110001001000101010100000100000001000000011100100000011111010011100110100001110110100001111111010100101001000101011100100000011111010110000110000110001001000101010100000
111111111100010001100100110000001100110011010100101000100010111110011100001101101100010111110110000110000110111011101100111001101000001000100000111111111100010001100100110000001100110011010100101000100010111110011100001101101100010111110110000110000110111011101100111001101000001000100000
111000101010100111111100100010100010100110001110101010100110111101011100001001111010000110010100100011111000000001010110011100100000100001000000111000101010100111111100100010100010100110001110101010100110111101011100001001111010000110010100100011111000000001010110011100100000100001000000
101110111010011000011000000011111010100010001100010010001010110100010000100101001000111001000110000010011010101000001100110111000010010101100000101110111010011000011000000011111010100010001100010010001010110100010000100101001000111001000110000010011010101000001100110111000010010101100000
110110100010011101010100010011010110010111011000111010001100001110101010111000101100111101000010001100100010000100100000101011000110011000000000110110100010011101010100010011010110010111011000111010001100001110101010111000101100111101000010001100100010000100100000101011000110011000000000
111001110110001010010100100111111100111101101100110111001000000000111100001110111110101110001010010001000110101111001110010011011100000001100000111001110110001010010100100111111100111101101100110111001000000000111100001110111110101110001010010001000110101111001110010011011100000001100000
010011010110011010111110110001101010010100001010101001110100111101111000110100101100110110101000001110110100101001000010101010110010111110100000010011010110011010111110110001101010010100001010101001110100111101111000110100101100110110101000001110110100101001000010101010110010111110100000
001100001010110111101100001100101000010011100000011001011010101110011000001011110100011011110110000011010010111010101000001011100110100101100000001100001010110111101100001100101000010011100000011001011010101110011000001011110100011011110110000011010010111010101000001011100110100101100000
110000000110100110111000010011100000000100101010100000111110010010101110011101000110111010110110011100000010110111111110110110100010100111000000110000000110100110111000010011100000000100101010100000111110010010101110011101000110111010110110011100000010110111111110110110100010100111000000
100101001110010110101100100111100010100011101100111110000010110100101100100111011000010011110010110011000000100110001110110111111110110010100000100101001110010110101100100111100010100011101100111110000010110100101100100111011000010011110010110011000000100110001110110111111110110010100000
101010111110110010001000110001011010101101010100000011111100010011100000100111000110011100000010100011011010010000101010001111000110010010000000101010111110110010001000110001011010101101010100000011111100010011100000100111000110011100000010100011011010010000101010001111000110010010000000
111001110000010010100100100000111110110100110100011110010010011010011100011001111000010101001110011111100110001100110110111100110000001010000000111001110000010010100100100000111110110100110100011110010010011010011100011001111000010101001110011111100110001100110110111100110000001010000000

X checks
111111111111000000000000000000000000000000000000000000000000000000000000000000000000000000000000000000000000000000000000000000000000000000000000000000000000000000000000000000000000000000000000000000000000000000000000000000000000000000000000000000000000000000000000000000000000000000000000
000000000000111111111111000000000000000000000000000000000000000000000000000000000000000000000000000000000000000000000000000000000000000000000000000000000000000000000000000000000000000000000000000000000000000000000000000000000000000000000000000000000000000000000000000000000000000000000000
000000000000000000000000111111111111000000000000000000000000000000000000000000000000000000000000000000000000000000000000000000000000000000000000000000000000000000000000000000000000000000000000000000000000000000000000000000000000000000000000000000000000000000000000000000000000000000000000
000000000000000000000000000000000000111111111111000000000000000000000000000000000000000000000000000000000000000000000000000000000000000000000000000000000000000000000000000000000000000000000000000000000000000000000000000000000000000000000000000000000000000000000000000000000000000000000000
000000000000000000000000000000000000000000000000111111111111000000000000000000000000000000000000000000000000000000000000000000000000000000000000000000000000000000000000000000000000000000000000000000000000000000000000000000000000000000000000000000000000000000000000000000000000000000000000
000000000000000000000000000000000000000000000000000000000000111111111111000000000000000000000000000000000000000000000000000000000000000000000000000000000000000000000000000000000000000000000000000000000000000000000000000000000000000000000000000000000000000000000000000000000000000000000000
000000000000000000000000000000000000000000000000000000000000000000000000111111111111000000000000000000000000000000000000000000000000000000000000000000000000000000000000000000000000000000000000000000000000000000000000000000000000000000000000000000000000000000000000000000000000000000000000
000000000000000000000000000000000000000000000000000000000000000000000000000000000000111111111111000000000000000000000000000000000000000000000000000000000000000000000000000000000000000000000000000000000000000000000000000000000000000000000000000000000000000000000000000000000000000000000000
000000000000000000000000000000000000000000000000000000000000000000000000000000000000000000000000111111111111000000000000000000000000000000000000000000000000000000000000000000000000000000000000000000000000000000000000000000000000000000000000000000000000000000000000000000000000000000000000
000000000000000000000000000000000000000000000000000000000000000000000000000000000000000000000000000000000000111111111111000000000000000000000000000000000000000000000000000000000000000000000000000000000000000000000000000000000000000000000000000000000000000000000000000000000000000000000000
000000000000000000000000000000000000000000000000000000000000000000000000000000000000000000000000000000000000000000000000111111111111000000000000000000000000000000000000000000000000000000000000000000000000000000000000000000000000000000000000000000000000000000000000000000000000000000000000
000000000000000000000000000000000000000000000000000000000000000000000000000000000000000000000000000000000000000000000000000000000000111111111111000000000000000000000000000000000000000000000000000000000000000000000000000000000000000000000000000000000000000000000000000000000000000000000000
000000000000000000000000000000000000000000000000000000000000000000000000000000000000000000000000000000000000000000000000000000000000000000000000111111111111000000000000000000000000000000000000000000000000000000000000000000000000000000000000000000000000000000000000000000000000000000000000
000000000000000000000000000000000000000000000000000000000000000000000000000000000000000000000000000000000000000000000000000000000000000000000000000000000000111111111111000000000000000000000000000000000000000000000000000000000000000000000000000000000000000000000000000000000000000000000000
000000000000000000000000000000000000000000000000000000000000000000000000000000000000000000000000000000000000000000000000000000000000000000000000000000000000000000000000111111111111000000000000000000000000000000000000000000000000000000000000000000000000000000000000000000000000000000000000
000000000000000000000000000000000000000000000000000000000000000000000000000000000000000000000000000000000000000000000000000000000000000000000000000000000000000000000000000000000000111111111111000000000000000000000000000000000000000000000000000000000000000000000000000000000000000000000000
000000000000000000000000000000000000000000000000000000000000000000000000000000000000000000000000000000000000000000000000000000000000000000000000000000000000000000000000000000000000000000000000111111111111000000000000000000000000000000000000000000000000000000000000000000000000000000000000
000000000000000000000000000000000000000000000000000000000000000000000000000000000000000000000000000000000000000000000000000000000000000000000000000000000000000000000000000000000000000000000000000000000000111111111111000000000000000000000000000000000000000000000000000000000000000000000000
000000000000000000000000000000000000000000000000000000000000000000000000000000000000000000000000000000000000000000000000000000000000000000000000000000000000000000000000000000000000000000000000000000000000000000000000111111111111000000000000000000000000000000000000000000000000000000000000
000000000000000000000000000000000000000000000000000000000000000000000000000000000000000000000000000000000000000000000000000000000000000000000000000000000000000000000000000000000000000000000000000000000000000000000000000000000000111111111111000000000000000000000000000000000000000000000000
000000000000000000000000000000000000000000000000000000000000000000000000000000000000000000000000000000000000000000000000000000000000000000000000000000000000000000000000000000000000000000000000000000000000000000000000000000000000000000000000111111111111000000000000000000000000000000000000
000000000000000000000000000000000000000000000000000000000000000000000000000000000000000000000000000000000000000000000000000000000000000000000000000000000000000000000000000000000000000000000000000000000000000000000000000000000000000000000000000000000000111111111111000000000000000000000000
000000000000000000000000000000000000000000000000000000000000000000000000000000000000000000000000000000000000000000000000000000000000000000000000000000000000000000000000000000000000000000000000000000000000000000000000000000000000000000000000000000000000000000000000111111111111000000000000
000000000000000000000000000000000000000000000000000000000000000000000000000000000000000000000000000000000000000000000000000000000000000000000000000000000000000000000000000000000000000000000000000000000000000000000000000000000000000000000000000000000000000000000000000000000000111111111111
011101100100011101100100011101100100011101100100011101100100011101100100011101100100011101100100011101100100011101100100011101100100011101100100000000000000000000000000000000000000000000000000000000000000000000000000000000000000000000000000000000000000000000000000000000000000000000000000
001010111010001010111010001010111010001010111010001010111010001010111010001010111010001010111010001010111010001010111010001010111010001010111010000000000000000000000000000000000000000000000000000000000000000000000000000000000000000000000000000000000000000000000000000000000000000000000000
100100101110100100101110100100101110100100101110100100101110100100101110100100101110100100101110100100101110100100101110100100101110100100101110000000000000000000000000000000000000000000000000000000000000000000000000000000000000000000000000000000000000000000000000000000000000000000000000
000011001100000011001100000011001100000011001100000011001100000011001100000011001100000011001100000011001100000011001100000011001100000011001100000000000000000000000000000000000000000000000000000000000000000000000000000000000000000000000000000000000000000000000000000000000000000000000000
000000000000000000000000000000000000000000000000000000000000000000000000000000000000000000000000000000000000000000000000000000000000000000000000011101100100011101100100011101100100011101100100011101100100011101100100011101100100011101100100011101100100011101100100011101100100011101100100
000000000000000000000000000000000000000000000000000000000000000000000000000000000000000000000000000000000000000000000000000000000000000000000000001010111010001010111010001010111010001010111010001010111010001010111010001010111010001010111010001010111010001010111010001010111010001010111010
000000000000000000000000000000000000000000000000000000000000000000000000000000000000000000000000000000000000000000000000000000000000000000000000100100101110100100101110100100101110100100101110100100101110100100101110100100101110100100101110100100101110100100101110100100101110100100101110
000000000000000000000000000000000000000000000000000000000000000000000000000000000000000000000000000000000000000000000000000000000000000000000000000011001100000011001100000011001100000011001100000011001100000011001100000011001100000011001100000011001100000011001100000011001100000011001100
101111001000100001011000000000011000100110011010001101101010001100000000111000101100100001011000100000011010110000110000011110011110111011100000101111001000100001011000000000011000100110011010001101101010001100000000111000101100100001011000100000011010110000110000011110011110111011100000
100100000110001100100100100111101000000100000010101111111110101101100100000011101110001111000000011100100110111010111010000100100000111011100000100100000110001100100100100111101000000100000010101111111110101101100100000011101110001111000000011100100110111010111010000100100000111011100000
010111101000100110101100111010010100111010110110001100011000101001101100110000001010110101101000101110101110000011011000000111110010010110100000010111101000100110101100111010010100111010110110001100011000101001101100110000001010110101101000101110101110000011011000000111110010010110100000
000110101000110000100010010111010010111100101110101010010110101100010000011100011100111011000100011000101110011011100100010000011010101010100000000110101000110000100010010111010010111100101110101010010110101100010000011100011100111011000100011000101110011011100100010000011010101010100000
110111111000001101110010000000011110000110010100010011001110100100110000010111100100111110000010101001000010010010110110111010100100000010100000110111111000001101110010000000011110000110010100010011001110100100110000010111100100111110000010101001000010010010110110111010100100000010100000
000110001100001101111000000000101000011010001110011101011000001101100000001000101100010100001010010110110100100111110000001001111100010100000000000110001100001101111000000000101000011010001110011101011000001101100000001000101100010100001010010110110100100111110000001001111100010100000000
001110110010010011010110100001100010010110001110101000100100000000000110101100001000000111101010001101000010010001010100111100001100101010100000001110110010010011010110100001100010010110001110101000100100000000000110101100001000000111101010001101000010010001010100111100001100101010100000
000011111100111010101110010111001100101101110000011110001010101010001110000111010110100001000000100110010000011001001110001001010010101000000000000011111100111010101110010111001100101101110000011110001010101010001110000111010110100001000000100110010000011001001110001001010010101000000000
110010100110101110110000011110110110001001110110100101110010010010100100110110110110101100011100001100111100111000100000101100010000110000000000110010100110101110110000011110110110001001110110100101110010010010100100110110110110101100011100001100111100111000100000101100010000110000000000
101000101000010100111010010100100100001011101010011001101010011000100100101101101000100011000100010100100100111000010000111001101000100010000000101000101000010100111010010100100100001011101010011001101010011000100100101101101000100011000100010100100100111000010000111001101000100010000000
100000101010001111001100110001011010110010000010101001110100111111001010010011000100001001011110011000101110111010111010111000111110101001100000100000101010001111001100110001011010110010000010101001110100111111001010010011000100001001011110011000101110111010111010111000111110101001100000
011000110110011111100000011010111110011110010010010010111010000101000000101110011000100001110110011011100100100110110100111011000010100110100000011000110110011111100000011010111110011110010010010010111010000101000000101110011000100001110110011011100100100110110100111011000010100110100000
111001110000100001010010111010110000000100111000101011000000010010100100000011111100011111110010111011010000001110111000010001110110101100100000111001110000100001010010111010110000000100111000101011000000010010100100000011111100011111110010111011010000001110111000010001110110101100100000
001001010100010100100010011010100000011110101110101100000100000111011100101110100100101011001010000101010100001101010110111101001110101110000000001001010100010100100010011010100000011110101110101100000100000111011100101110100100101011001010000101010100001101010110111101001110101110000000
001110110100111010101000001000111110010010101110011000001010110000000000111110000010000001001000100001111010000000001100100011100000001110100000001110110100111010101000001000111110010010101110011000001010110000000000111110000010000001001000100001111010000000001100100011100000001110100000
101100001110110111100110000011001100111001010010011011010010001111011110000110001010000100001110100011101100011011100100011000010100001100000000101100001110110111100110000011001100111001010010011011010010001111011110000110001010000100001110100011101100011011100100011000010100001100000000
110011111010011011100010111111011000100000010000101010101010000010010110111000000100101000000110110000100010010110100110111000010110110110000000110011111010011011100010111111011000100000010000101010101010000010010110111000000100101000000110110000100010010110100110111000010110110110000000
110000111010001001111010100011011100110100010110001111111100100010010010101101111010010101110100101100111110011000111100011001100000110111100000110000111010001001111010100011011100110100010110001111111100100010010010101101111010010101110100101100111110011000111100011001100000110111100000
100101100000110010000010011100110010011000111100000101010010001111111100011100001000110111011100001000010000011101011110001100101110110110000000100101100000110010000010011100110010011000111100000101010010001111111100011100001000110111011100001000010000011101011110001100101110110110000000
110101111010100111001100100100011110111000010000001001000110011001011010110010000010010110111000110110011110011010010000000101111100100111000000110101111010100111001100100100011110111000010000001001000110011001011010110010000010010110111000110110011110011010010000000101111100100111000000
001110110010100010011000001111111100011011110110101110101110101010100000101001000100100101110010101111011010111100001010010011110010000101000000001110110010100010011000001111111100011011110110101110101110101010100000101001000100100101110010101111011010111100001010010011110010000101000000
