Z checks
111111111111111111111111000000000000000000000000000000000000000000000000000000000000000000000000000000000000000000000000000000000000000000000000000000000000000000000000000000000000000000000000000000000000000000000000000000000000000000000000000000000000000000000000000000000000000000000000000000000000000000000000000000000000000000000000000000000000000000000000000000000000000000000000
000000000000000000000000111111111111111111111111000000000000000000000000000000000000000000000000000000000000000000000000000000000000000000000000000000000000000000000000000000000000000000000000000000000000000000000000000000000000000000000000000000000000000000000000000000000000000000000000000000000000000000000000000000000000000000000000000000000000000000000000000000000000000000000000
000000000000000000000000000000000000000000000000111111111111111111111111000000000000000000000000000000000000000000000000000000000000000000000000000000000000000000000000000000000000000000000000000000000000000000000000000000000000000000000000000000000000000000000000000000000000000000000000000000000000000000000000000000000000000000000000000000000000000000000000000000000000000000000000
000000000000000000000000000000000000000000000000000000000000000000000000111111111111111111111111000000000000000000000000000000000000000000000000000000000000000000000000000000000000000000000000000000000000000000000000000000000000000000000000000000000000000000000000000000000000000000000000000000000000000000000000000000000000000000000000000000000000000000000000000000000000000000000000
000000000000000000000000000000000000000000000000000000000000000000000000000000000000000000000000111111111111111111111111000000000000000000000000000000000000000000000000000000000000000000000000000000000000000000000000000000000000000000000000000000000000000000000000000000000000000000000000000000000000000000000000000000000000000000000000000000000000000000000000000000000000000000000000
000000000000000000000000000000000000000000000000000000000000000000000000000000000000000000000000000000000000000000000000111111111111111111111111000000000000000000000000000000000000000000000000000000000000000000000000000000000000000000000000000000000000000000000000000000000000000000000000000000000000000000000000000000000000000000000000000000000000000000000000000000000000000000000000
000000000000000000000000000000000000000000000000000000000000000000000000000000000000000000000000000000000000000000000000000000000000000000000000111111111111111111111111000000000000000000000000000000000000000000000000000000000000000000000000000000000000000000000000000000000000000000000000000000000000000000000000000000000000000000000000000000000000000000000000000000000000000000000000
000000000000000000000000000000000000000000000000000000000000000000000000000000000000000000000000000000000000000000000000000000000000000000000000000000000000000000000000111111111111111111111111000000000000000000000000000000000000000000000000000000000000000000000000000000000000000000000000000000000000000000000000000000000000000000000000000000000000000000000000000000000000000000000000
000000000000000000000000000000000000000000000000000000000000000000000000000000000000000000000000000000000000000000000000000000000000000000000000000000000000000000000000000000000000000000000000111111111111111111111111000000000000000000000000000000000000000000000000000000000000000000000000000000000000000000000000000000000000000000000000000000000000000000000000000000000000000000000000
000000000000000000000000000000000000000000000000000000000000000000000000000000000000000000000000000000000000000000000000000000000000000000000000000000000000000000000000000000000000000000000000000000000000000000000000111111111111111111111111000000000000000000000000000000000000000000000000000000000000000000000000000000000000000000000000000000000000000000000000000000000000000000000000
000000000000000000000000000000000000000000000000000000000000000000000000000000000000000000000000000000000000000000000000000000000000000000000000000000000000000000000000000000000000000000000000000000000000000000000000000000000000000000000000111111111111111111111111000000000000000000000000000000000000000000000000000000000000000000000000000000000000000000000000000000000000000000000000
000000000000000000000000000000000000000000000000000000000000000000000000000000000000000000000000000000000000000000000000000000000000000000000000000000000000000000000000000000000000000000000000000000000000000000000000000000000000000000000000000000000000000000000000111111111111111111111111000000000000000000000000000000000000000000000000000000000000000000000000000000000000000000000000
000000000000000000000000000000000000000000000000000000000000000000000000000000000000000000000000000000000000000000000000000000000000000000000000000000000000000000000000000000000000000000000000000000000000000000000000000000000000000000000000000000000000000000000000000000000000000000000000111111111111111111111111000000000000000000000000000000000000000000000000000000000000000000000000
000000000000000000000000000000000000000000000000000000000000000000000000000000000000000000000000000000000000000000000000000000000000000000000000000000000000000000000000000000000000000000000000000000000000000000000000000000000000000000000000000000000000000000000000000000000000000000000000000000000000000000000000111111111111111111111111000000000000000000000000000000000000000000000000
000000000000000000000000000000000000000000000000000000000000000000000000000000000000000000000000000000000000000000000000000000000000000000000000000000000000000000000000000000000000000000000000000000000000000000000000000000000000000000000000000000000000000000000000000000000000000000000000000000000000000000000000000000000000000000000000111111111111111111111111000000000000000000000000
000000000000000000000000000000000000000000000000000000000000000000000000000000000000000000000000000000000000000000000000000000000000000000000000000000000000000000000000000000000000000000000000000000000000000000000000000000000000000000000000000000000000000000000000000000000000000000000000000000000000000000000000000000000000000000000000000000000000000000000000111111111111111111111111
011111111111000000000001011111111111000000000001011111111111000000000001011111111111000000000001011111111111000000000001011111111111000000000001011111111111000000000001011111111111000000000001000000000000000000000000000000000000000000000000000000000000000000000000000000000000000000000000000000000000000000000000000000000000000000000000000000000000000000000000000000000000000000000000
001100011001110001100100001100011001110001100100001100011001110001100100001100011001110001100100001100011001110001100100001100011001110001100100001100011001110001100100001100011001110001100100000000000000000000000000000000000000000000000000000000000000000000000000000000000000000000000000000000000000000000000000000000000000000000000000000000000000000000000000000000000000000000000000
000100100110010010011011000100100110010010011011000100100110010010011011000100100110010010011011000100100110010010011011000100100110010010011011000100100110010010011011000100100110010010011011000000000000000000000000000000000000000000000000000000000000000000000000000000000000000000000000000000000000000000000000000000000000000000000000000000000000000000000000000000000000000000000000
000010010101001001010111000010010101001001010111000010010101001001010111000010010101001001010111000010010101001001010111000010010101001001010111000010010101001001010111000010010101001001010111000000000000000000000000000000000000000000000000000000000000000000000000000000000000000000000000000000000000000000000000000000000000000000000000000000000000000000000000000000000000000000000000
000001001011000100101111000001001011000100101111000001001011000100101111000001001011000100101111000001001011000100101111000001001011000100101111000001001011000100101111000001001011000100101111000000000000000000000000000000000000000000000000000000000000000000000000000000000000000000000000000000000000000000000000000000000000000000000000000000000000000000000000000000000000000000000000
000000000000000000000000000000000000000000000000000000000000000000000000000000000000000000000000000000000000000000000000000000000000000000000000000000000000000000000000000000000000000000000000011111111111000000000001011111111111000000000001011111111111000000000001011111111111000000000001011111111111000000000001011111111111000000000001011111111111000000000001011111111111000000000001
000000000000000000000000000000000000000000000000000000000000000000000000000000000000000000000000000000000000000000000000000000000000000000000000000000000000000000000000000000000000000000000000001100011001110001100100001100011001110001100100001100011001110001100100001100011001110001100100001100011001110001100100001100011001110001100100001100011001110001100100001100011001110001100100
000000000000000000000000000000000000000000000000000000000000000000000000000000000000000000000000000000000000000000000000000000000000000000000000000000000000000000000000000000000000000000000000000100100110010010011011000100100110010010011011000100100110010010011011000100100110010010011011000100100110010010011011000100100110010010011011000100100110010010011011000100100110010010011011
000000000000000000000000000000000000000000000000000000000000000000000000000000000000000000000000000000000000000000000000000000000000000000000000000000000000000000000000000000000000000000000000000010010101001001010111000010010101001001010111000010010101001001010111000010010101001001010111000010010101001001010111000010010101001001010111000010010101001001010111000010010101001001010111
000000000000000000000000000000000000000000000000000000000000000000000000000000000000000000000000000000000000000000000000000000000000000000000000000000000000000000000000000000000000000000000000000001001011000100101111000001001011000100101111000001001011000100101111000001001011000100101111000001001011000100101111000001001011000100101111000001001011000100101111000001001011000100101111
110100000100001011100000100110001101001101100110110100110001011101100010110100010001000101111110011011101010001111000010010000110101001000111010010011010110111110011010000001000011010000000000110100000100001011100000100110001101001101100110110100110001011101100010110100010001000101111110011011101010001111000010010000110101001000111010010011010110111110011010000001000011010000000000
001001001011110010100010000101111110001100111000001001011001001111111110101011101101101010001110111001100110011110000100001111110111101011100000001110001110111111011110111011100010110011100000001001001011110010100010000101111110001100111000001001011001001111111110101011101101101010001110111001100110011110000100001111110111101011100000001110001110111111011110111011100010110011100000
100100111110011001010010111100001001100010110110111011001101100000011010000000000001101100101110110010100000000100000100011010000001110010110010000010111000000000100100011010110010101011000000100100111110011001010010111100001001100010110110111011001101100000011010000000000001101100101110110010100000000100000100011010000001110010110010000010111000000000100100011010110010101011000000
001011111101110011100010100110001110110010111110000111001010010000001010010000001010000011101010101100110011011001001100000011011001011100010100001011011011111010001110100001000010011010000000001011111101110011100010100110001110110010111110000111001010010000001010010000001010000011101010101100110011011001001100000011011001011100010100001011011011111010001110100001000010011010000000
110010100001101011101010110000110010100110111010111001101100111001100110000001001001101011111110101000011000101010101100100011111100011101100000111110100110001111101000000011110100011001000000110010100001101011101010110000110010100110111010111001101100111001100110000001001001101011111110101000011000101010101100100011111100011101100000111110100110001111101000000011110100011001000000
010110001010011010010010000011011101111011100000100000100010101111000110100101100011110011111100001100001000000001111010011010100101110000110110000010111001011110010110110010011001011001100000010110001010011010010010000011011101111011100000100000100010101111000110100101100011110011111100001100001000000001111010011010100101110000110110000010111001011110010110110010011001011001100000
100101010001111010111000110001110011011110001110100110011111101101001010100101010110110100010110100001110010011011100110010111100101111010001110111000110011011101000010010001111101000000100000100101010001111010111000110001110011011110001110100110011111101101001010100101010110110100010110100001110010011011100110010111100101111010001110111000110011011101000010010001111101000000100000
110010101000101010001010100110010101100111111010101100011011001000110110010010010101001111001110001010111111111000010000000000110100101100011000010001010000101111000110011110001000111000000000110010101000101010001010100110010101100111111010101100011011001000110110010010010101001111001110001010111111111000010000000000110100101100011000010001010000101111000110011110001000111000000000
110101001100110011001010001111101010001001101010001111101011011101111010101101110111000110010000101100110111001100101110000101011110010100010100111000011000111111010110100010101001101011100000110101001100110011001010001111101010001001101010001111101011011101111010101101110111000110010000101100110111001100101110000101011110010100010100111000011000111111010110100010101001101011100000
100100010110110110001000111100010100010111011110000110010110000001100010010001000001010101100100010111011011101100101100110010001010111011011110111101111100101111010100000001010001001000000000100100010110110110001000111100010100010111011110000110010110000001100010010001000001010101100100010111011011101100101100110010001010111011011110111101111100101111010100000001010001001000000000
001010101000011010011010101110010001100000110010101010110010010000000010001010110101101111100000001010010001101100111000000110011010010010110010001100011000011100011100110011101100010000000000001010101000011010011010101110010001100000110010101010110010010000000010001010110101101111100000001010010001101100111000000110011010010010110010001100011000011100011100110011101100010000000000
001011111110001010101000010011010001000011100000101010101110101001101000011011000001001001101010011011111010001110000100001111100001001001101000000010011001100001011000010000000110101011100000001011111110001010101000010011010001000011100000101010101110101001101000011011000001001001101010011011111010001110000100001111100001001001101000000010011001100001011000010000000110101011100000
000111100001101001111010001000100110111001001100010111100000011011010000101111110010011001011100001010101110110100001000100010110110010000101010110001101001110111101010000011010100011000000000000111100001101001111010001000100110111001001100010111100000011011010000101111110010011001011100001010101110110100001000100010110110010000101010110001101001110111101010000011010100011000000000
110000100111100011001000001000010111000101111000011001100000010100110000110100101011111100101100010100101000001101111000001111010001011100000010010101111101001111001010011000010010110001100000110000100111100011001000001000010111000101111000011001100000010100110000110100101011111100101100010100101000001101111000001111010001011100000010010101111101001111001010011000010010110001100000
010000100011111011011010110110100111001000101010110101101110111110000010101100111011111011010110011110101110101010000100101111111101111111011110100100000011111100011000111100110011100000100000010000100011111011011010110110100111001000101010110101101110111110000010101100111011111011010110011110101110101010000100101111111101111111011110100100000011111100011000111100110011100000100000
001000010000100011100110101010001011101011111100001100111011011100110000001110010010100011001100000010111110011100010000010110011111100100110110100100111000000000110100110101110100100000000000001000010000100011100110101010001011101011111100001100111011011100110000001110010010100011001100000010111110011100010000010110011111100100110110100100111000000000110100110101110100100000000000
010110011001000000011000001100010111100011101010001100101010110010001010101001011110001011000000101111000100000101110110011011100001011101111010001011100011110011001100010110010101100010000000010110011001000000011000001100010111100011101010001100101010110010001010101001011110001011000000101111000100000101110110011011100001011101111010001011100011110011001100010110010101100010000000
010010010110000011111000111101010101000011001100001000101010100110001110110101000110110111100000100100110011111001110000000111100000100100101000111100001100010111001010010011010100001001100000010010010110000011111000111101010101000011001100001000101010100110001110110101000110110111100000100100110011111001110000000111100000100100101000111100001100010111001010010011010100001001100000
001010110000110000110000110111101011011100001010010100000100011110011100000000000001100101001100000101001111001101110100100011010011100100100100100001100001001000101010011001011101100001100000001010110000110000110000110111101011011100001010010100000100011110011100000000000001100101001100000101001111001101110100100011010011100100100100100001100001001000101010011001011101100001100000
100110110010001010011000000000101111010100011100000100001011111011001000111010101110011000001010100111011010001110110110001001111010010000111000110001110100010110101100000010110111000010100000100110110010001010011000000000101111010100011100000100001011111011001000111010101110011000001010100111011010001110110110001001111010010000111000110001110100010110101100000010110111000010100000
111000111101110011010010001011001010110001100100011011111001010111111100001010111100011101010010111010001001101011001100000111010010001100100000110111110000011111011000001011001010101000100000111000111101110011010010001011001010110001100100011011111001010111111100001010111100011101010010111010001001101011001100000111010010001100100000110111110000011111011000001011001010101000100000
100001110000000000110000000101001111011110110000101000000000100100011000010101101101011101011010110110101010000000110100001100011001101101000100001110001111010100001110010000011001011000000000100001110000000000110000000101001111011110110000101000000000100100011000010101101101011101011010110110101010000000110100001100011001101101000100001110001111010100001110010000011001011000000000
000110111111110001000010100101010100111011101110000101011011011000100100111101000001110110011000010010000010111100100110011010000001100010100100011101001001100101001110011010111101001010000000000110111111110001000010100101010100111011101110000101011011011000100100111101000001110110011000010010000010111100100110011010000001100010100100011101001001100101001110011010111101001010000000
011101000110001010111010000000101011010100010100100001011010101100110110011111001011101000111100100110110001111001100010101111111111110100001010111111101111100111010000001110100111100010100000011101000110001010111010000000101011010100010100100001011010101100110110011111001011101000111100100110110001111001100010101111111111110100001010111111101111100111010000001110100111100010100000

observable
100000110010101011111010111011001000000000000000000000000000000000000000000000000000000000000000000000000000000000000000000000000000000000000000000000000000000000000000000000000000000000000000000000000000000000000000000000000000000000000000000000000000000000000000000000000000000000000000000000000000000000000000000000000000000000000000000000000000000000000000000000000000000000000000

X checks
111111111111111111111111000000000000000000000000000000000000000000000000000000000000000000000000000000000000000000000000000000000000000000000000000000000000000000000000000000000000000000000000000000000000000000000000000000000000000000000000000000000000000000000000000000000000000000000000000000000000000000000000000000000000000000000000000000000000000000000000000000000000000000000000
000000000000000000000000111111111111111111111111000000000000000000000000000000000000000000000000000000000000000000000000000000000000000000000000000000000000000000000000000000000000000000000000000000000000000000000000000000000000000000000000000000000000000000000000000000000000000000000000000000000000000000000000000000000000000000000000000000000000000000000000000000000000000000000000
000000000000000000000000000000000000000000000000111111111111111111111111000000000000000000000000000000000000000000000000000000000000000000000000000000000000000000000000000000000000000000000000000000000000000000000000000000000000000000000000000000000000000000000000000000000000000000000000000000000000000000000000000000000000000000000000000000000000000000000000000000000000000000000000
000000000000000000000000000000000000000000000000000000000000000000000000111111111111111111111111000000000000000000000000000000000000000000000000000000000000000000000000000000000000000000000000000000000000000000000000000000000000000000000000000000000000000000000000000000000000000000000000000000000000000000000000000000000000000000000000000000000000000000000000000000000000000000000000
000000000000000000000000000000000000000000000000000000000000000000000000000000000000000000000000111111111111111111111111000000000000000000000000000000000000000000000000000000000000000000000000000000000000000000000000000000000000000000000000000000000000000000000000000000000000000000000000000000000000000000000000000000000000000000000000000000000000000000000000000000000000000000000000
000000000000000000000000000000000000000000000000000000000000000000000000000000000000000000000000000000000000000000000000111111111111111111111111000000000000000000000000000000000000000000000000000000000000000000000000000000000000000000000000000000000000000000000000000000000000000000000000000000000000000000000000000000000000000000000000000000000000000000000000000000000000000000000000
000000000000000000000000000000000000000000000000000000000000000000000000000000000000000000000000000000000000000000000000000000000000000000000000111111111111111111111111000000000000000000000000000000000000000000000000000000000000000000000000000000000000000000000000000000000000000000000000000000000000000000000000000000000000000000000000000000000000000000000000000000000000000000000000
000000000000000000000000000000000000000000000000000000000000000000000000000000000000000000000000000000000000000000000000000000000000000000000000000000000000000000000000111111111111111111111111000000000000000000000000000000000000000000000000000000000000000000000000000000000000000000000000000000000000000000000000000000000000000000000000000000000000000000000000000000000000000000000000
000000000000000000000000000000000000000000000000000000000000000000000000000000000000000000000000000000000000000000000000000000000000000000000000000000000000000000000000000000000000000000000000111111111111111111111111000000000000000000000000000000000000000000000000000000000000000000000000000000000000000000000000000000000000000000000000000000000000000000000000000000000000000000000000
000000000000000000000000000000000000000000000000000000000000000000000000000000000000000000000000000000000000000000000000000000000000000000000000000000000000000000000000000000000000000000000000000000000000000000000000111111111111111111111111000000000000000000000000000000000000000000000000000000000000000000000000000000000000000000000000000000000000000000000000000000000000000000000000
000000000000000000000000000000000000000000000000000000000000000000000000000000000000000000000000000000000000000000000000000000000000000000000000000000000000000000000000000000000000000000000000000000000000000000000000000000000000000000000000111111111111111111111111000000000000000000000000000000000000000000000000000000000000000000000000000000000000000000000000000000000000000000000000
000000000000000000000000000000000000000000000000000000000000000000000000000000000000000000000000000000000000000000000000000000000000000000000000000000000000000000000000000000000000000000000000000000000000000000000000000000000000000000000000000000000000000000000000111111111111111111111111000000000000000000000000000000000000000000000000000000000000000000000000000000000000000000000000
000000000000000000000000000000000000000000000000000000000000000000000000000000000000000000000000000000000000000000000000000000000000000000000000000000000000000000000000000000000000000000000000000000000000000000000000000000000000000000000000000000000000000000000000000000000000000000000000111111111111111111111111000000000000000000000000000000000000000000000000000000000000000000000000
000000000000000000000000000000000000000000000000000000000000000000000000000000000000000000000000000000000000000000000000000000000000000000000000000000000000000000000000000000000000000000000000000000000000000000000000000000000000000000000000000000000000000000000000000000000000000000000000000000000000000000000000111111111111111111111111000000000000000000000000000000000000000000000000
000000000000000000000000000000000000000000000000000000000000000000000000000000000000000000000000000000000000000000000000000000000000000000000000000000000000000000000000000000000000000000000000000000000000000000000000000000000000000000000000000000000000000000000000000000000000000000000000000000000000000000000000000000000000000000000000111111111111111111111111000000000000000000000000
000000000000000000000000000000000000000000000000000000000000000000000000000000000000000000000000000000000000000000000000000000000000000000000000000000000000000000000000000000000000000000000000000000000000000000000000000000000000000000000000000000000000000000000000000000000000000000000000000000000000000000000000000000000000000000000000000000000000000000000000111111111111111111111111
111111111111000000000000111111111111000000000000111111111111000000000000111111111111000000000000111111111111000000000000111111111111000000000000111111111111000000000000111111111111000000000000000000000000000000000000000000000000000000000000000000000000000000000000000000000000000000000000000000000000000000000000000000000000000000000000000000000000000000000000000000000000000000000000
001100011001110001100100001100011001110001100100001100011001110001100100001100011001110001100100001100011001110001100100001100011001110001100100001100011001110001100100001100011001110001100100000000000000000000000000000000000000000000000000000000000000000000000000000000000000000000000000000000000000000000000000000000000000000000000000000000000000000000000000000000000000000000000000
100100100110010010011010100100100110010010011010100100100110010010011010100100100110010010011010100100100110010010011010100100100110010010011010100100100110010010011010100100100110010010011010000000000000000000000000000000000000000000000000000000000000000000000000000000000000000000000000000000000000000000000000000000000000000000000000000000000000000000000000000000000000000000000000
100010010101001001010110100010010101001001010110100010010101001001010110100010010101001001010110100010010101001001010110100010010101001001010110100010010101001001010110100010010101001001010110000000000000000000000000000000000000000000000000000000000000000000000000000000000000000000000000000000000000000000000000000000000000000000000000000000000000000000000000000000000000000000000000
100001001011000100101110100001001011000100101110100001001011000100101110100001001011000100101110100001001011000100101110100001001011000100101110100001001011000100101110100001001011000100101110000000000000000000000000000000000000000000000000000000000000000000000000000000000000000000000000000000000000000000000000000000000000000000000000000000000000000000000000000000000000000000000000
000000000000000000000000000000000000000000000000000000000000000000000000000000000000000000000000000000000000000000000000000000000000000000000000000000000000000000000000000000000000000000000000111111111111000000000000111111111111000000000000111111111111000000000000111111111111000000000000111111111111000000000000111111111111000000000000111111111111000000000000111111111111000000000000
000000000000000000000000000000000000000000000000000000000000000000000000000000000000000000000000000000000000000000000000000000000000000000000000000000000000000000000000000000000000000000000000001100011001110001100100001100011001110001100100001100011001110001100100001100011001110001100100001100011001110001100100001100011001110001100100001100011001110001100100001100011001110001100100
000000000000000000000000000000000000000000000000000000000000000000000000000000000000000000000000000000000000000000000000000000000000000000000000000000000000000000000000000000000000000000000000100100100110010010011010100100100110010010011010100100100110010010011010100100100110010010011010100100100110010010011010100100100110010010011010100100100110010010011010100100100110010010011010
000000000000000000000000000000000000000000000000000000000000000000000000000000000000000000000000000000000000000000000000000000000000000000000000000000000000000000000000000000000000000000000000100010010101001001010110100010010101001001010110100010010101001001010110100010010101001001010110100010010101001001010110100010010101001001010110100010010101001001010110100010010101001001010110
000000000000000000000000000000000000000000000000000000000000000000000000000000000000000000000000000000000000000000000000000000000000000000000000000000000000000000000000000000000000000000000000100001001011000100101110100001001011000100101110100001001011000100101110100001001011000100101110100001001011000100101110100001001011000100101110100001001011000100101110100001001011000100101110
010100011010011010011000010010010011011100011110000000101111001100011010000000001111010100000110110000001011100001000100111011010100100110111100111000110111010000011100101010100010111110000000010100011010011010011000010010010011011100011110000000101111001100011010000000001111010100000110110000001011100001000100111011010100100110111100111000110111010000011100101010100010111110000000
100110110011001101000000100010000110010011011010101110100001010000011100010011101010001010010010000001100001111110011000101000001111110100000010101001110110100000111100111100011010101100000000100110110011001101000000100010000110010011011010101110100001010000011100010011101010001010010010000001100001111110011000101000001111110100000010101001110110100000111100111100011010101100000000
011101010100010000000100111110011100010100011110111001011000010110110010011101101011100101111000110000110101110010101100000111101011111011100100011111010010001001110010000111011000100110000000011101010100010000000100111110011100010100011110111001011000010110110010011101101011100101111000110000110101110010101100000111101011111011100100011111010010001001110010000111011000100110000000
111101011100100001100100111010101111000000111000000100010100011101110010010011010100001110010010110000010010101011001010000000000111010001101100001000000101110111110110000010011100010011100000111101011100100001100100111010101111000000111000000100010100011101110010010011010100001110010010110000010010101011001010000000000111010001101100001000000101110111110110000010011100010011100000
110101110100100001000010011010011000110011101100010011000110101100110000110100011100000001010110000010110010111111111010001001010110001000110110010100001100011010111110001001011110001100000000110101110100100001000010011010011000110011101100010011000110101100110000110100011100000001010110000010110010111111111010001001010110001000110110010100001100011010111110001001011110001100000000
011000001101111010001110100100100101100100000010011000100101001111011010011101100100010011100000101011110000011110011000111101011101101111010100100101000001000001110100001010011110111101100000011000001101111010001110100100100101100100000010011000100101001111011010011101100100010011100000101011110000011110011000111101011101101111010100100101000001000001110100001010011110111101100000
000100111100110011110010010100011110110111000100000011110010000100000000000000111011011101011100000100011111110010101100101101110111101100111010011101011110110100001000010100010000101101100000000100111100110011110010010100011110110111000100000011110010000100000000000000111011011101011100000100011111110010101100101101110111101100111010011101011110110100001000010100010000101101100000
110101111101100000100010001100111111110010101100000110110001011101100000100111000000100101100110111111101010010010111000110101100001000110110000100100000101000101101110010100100010101101000000110101111101100000100010001100111111110010101100000110110001011101100000100111000000100101100110111111101010010010111000110101100001000110110000100100000101000101101110010100100010101101000000
011010010101000001010000010100110011011011110000010100110010001111100000101001010001101011110100101000010001100001001010011110000111000110001110111100111110010010110010011001110000111001100000011010010101000001010000010100110011011011110000010100110010001111100000101001010001101011110100101000010001100001001010011110000111000110001110111100111110010010110010011001110000111001100000
000101111011111111000010011001111001111110010100111100000100010111010110101011010011000011010000101101001001111010011000010111100111010010010100011000010001000110011110000100111100100101000000000101111011111111000010011001111001111110010100111100000100010111010110101011010011000011010000101101001001111010011000010111100111010010010100011000010001000110011110000100111100100101000000
011011110001001000000000101010110111001101010110101110010100111101100110010001101100111101111010010001001000111110100010011101000011000000101000010111000001001110000110110111001010111001100000011011110001001000000000101010110111001101010110101110010100111101100110010001101100111101111010010001001000111110100010011101000011000000101000010111000001001110000110110111001010111001100000
110010011000111011001100100000110111110010000100000110110111100111110010101000100111111000001110101000011100111111100000111100000111111000001100110001111111010000111100100011100000011110000000110010011000111011001100100000110111110010000100000110110111100111110010101000100111111000001110101000011100111111100000111100000111111000001100110001111111010000111100100011100000011110000000
011111010101110010101010101001101101111101100010110110101011011111111110010001000110100010001100101011100101110000100110011100000010101011111010001111011101001100111010011101100000100011000000011111010101110010101010101001101101111101100010110110101011011111111110010001000110100010001100101011100101110000100110011100000010101011111010001111011101001100111010011101100000100011000000
101110101011000100000100011001100100111101001010001000010011101100000010111010100111111011100000000101011011110101001010011110100010100100110000000100001110110111111000110110011110110010100000101110101011000100000100011001100100111101001010001000010011101100000010111010100111111011100000000101011011110101001010011110100010100100110000000100001110110111111000110110011110110010100000
000110010000000000010110101111101011101100011000101100100010011010110000110101110111011111100100011000011101110001001000110110110001011011101100111101001111011000101010011010000000111111100000000110010000000000010110101111101011101100011000101100100010011010110000110101110111011111100100011000011101110001001000110110110001011011101100111101001111011000101010011010000000111111100000
100111101000011100000100010010001100001011100000101011000011000011010010101001101010111100101110100101000110000011110010110001100111111011010100011100111111100000101000110010001100111111100000100111101000011100000100010010001100001011100000101011000011000011010010101001101010111100101110100101000110000011110010110001100111111011010100011100111111100000101000110010001100111111100000
110000100001000011111010000011010000011111110110000011101101001110010110111001100110001000100010111111111100000110010100010100100110100001100110000100100100001111010000011001010010011010000000110000100001000011111010000011010000011111110110000011101101001110010110111001100110001000100010111111111100000110010100010100100110100001100110000100100100001111010000011001010010011010000000
101101000100110110110010001111111000001001111000100101111000010011000100000111101011111101010100010110011110110011000100101010110010010001100010001110100001011101111110111110000110111100100000101101000100110110110010001111111000001001111000100101111000010011000100000111101011111101010100010110011110110011000100101010110010010001100010001110100001011101111110111110000110111100100000
101011010001000001001000111100001010001101110010000000011010110000011010010100011111001011001010010001010001100011110010101000110010110101011100101010000000011001010010110010111100110100000000101011010001000001001000111100001010001101110010000000011010110000011010010100011111001011001010010001010001100011110010101000110010110101011100101010000000011001010010110010111100110100000000
111001111110101110101010000110011100001111010000000010111000100000000100100011100010111100111000111110010110101010000100001111001001001011110100101000111000110010011110000100000100011001100000111001111110101110101010000110011100001111010000000010111000100000000100100011100010111100111000111110010110101010000100001111001001001011110100101000111000110010011110000100000100011001100000
000110001110001000011110001101111001101010101000011101001010001100110000001100001111000110011110100011000101001111111110000001100001010111101100101110111100111011101010110010000110001000000000000110001110001000011110001101111001101010101000011101001010001100110000001100001111000110011110100011000101001111111110000001100001010111101100101110111100111011101010110010000110001000000000
000001110000111111001110111010110000011110110000001000000000011011100110101010010010011101011010010110101010111111001010110011100110101101000100110001110000010100001110101111100110011000000000000001110000111111001110111010110000011110110000001000000000011011100110101010010010011101011010010110101010111111001010110011100110101101000100110001110000010100001110101111100110011000000000
100001110100101010010010100100011111000000111110011011101111011100001010111100001010001101001000001100110110111000001000000100110101100110001010000011111101100001100000111011110110110001000000100001110100101010010010100100011111000000111110011011101111011100001010111100001010001101001000001100110110111000001000000100110101100110001010000011111101100001100000111011110110110001000000
000010011000111000111100111100001010011001101100000010000100011110110000100011101010100101000100000101101111001011100100001100100001000110001100011100110001010101010110110010000110101111000000000010011000111000111100111100001010011001101100000010000100011110110000100011101010100101000100000101101111001011100100001100100001000110001100011100110001010101010110110010000110101111000000
