Z checks
111111111111111100000000000000000000000000000000000000000000000000000000000000000000000000000000000000000000000000000000000000000000000000000000000000000000000000000000000000000000000000000000000000000000000000000000000000000000000000000000000000000000000000000000000000000000000000000000000000000000000000000000000000000000000000000000000000000000000000000000000000000000000000000000
000000000000000011111111111111110000000000000000000000000000000000000000000000000000000000000000000000000000000000000000000000000000000000000000000000000000000000000000000000000000000000000000000000000000000000000000000000000000000000000000000000000000000000000000000000000000000000000000000000000000000000000000000000000000000000000000000000000000000000000000000000000000000000000000
000000000000000000000000000000001111111111111111000000000000000000000000000000000000000000000000000000000000000000000000000000000000000000000000000000000000000000000000000000000000000000000000000000000000000000000000000000000000000000000000000000000000000000000000000000000000000000000000000000000000000000000000000000000000000000000000000000000000000000000000000000000000000000000000
000000000000000000000000000000000000000000000000111111111111111100000000000000000000000000000000000000000000000000000000000000000000000000000000000000000000000000000000000000000000000000000000000000000000000000000000000000000000000000000000000000000000000000000000000000000000000000000000000000000000000000000000000000000000000000000000000000000000000000000000000000000000000000000000
000000000000000000000000000000000000000000000000000000000000000011111111111111110000000000000000000000000000000000000000000000000000000000000000000000000000000000000000000000000000000000000000000000000000000000000000000000000000000000000000000000000000000000000000000000000000000000000000000000000000000000000000000000000000000000000000000000000000000000000000000000000000000000000000
000000000000000000000000000000000000000000000000000000000000000000000000000000001111111111111111000000000000000000000000000000000000000000000000000000000000000000000000000000000000000000000000000000000000000000000000000000000000000000000000000000000000000000000000000000000000000000000000000000000000000000000000000000000000000000000000000000000000000000000000000000000000000000000000
000000000000000000000000000000000000000000000000000000000000000000000000000000000000000000000000111111111111111100000000000000000000000000000000000000000000000000000000000000000000000000000000000000000000000000000000000000000000000000000000000000000000000000000000000000000000000000000000000000000000000000000000000000000000000000000000000000000000000000000000000000000000000000000000
000000000000000000000000000000000000000000000000000000000000000000000000000000000000000000000000000000000000000011111111111111110000000000000000000000000000000000000000000000000000000000000000000000000000000000000000000000000000000000000000000000000000000000000000000000000000000000000000000000000000000000000000000000000000000000000000000000000000000000000000000000000000000000000000
000000000000000000000000000000000000000000000000000000000000000000000000000000000000000000000000000000000000000000000000000000001111111111111111000000000000000000000000000000000000000000000000000000000000000000000000000000000000000000000000000000000000000000000000000000000000000000000000000000000000000000000000000000000000000000000000000000000000000000000000000000000000000000000000
000000000000000000000000000000000000000000000000000000000000000000000000000000000000000000000000000000000000000000000000000000000000000000000000111111111111111100000000000000000000000000000000000000000000000000000000000000000000000000000000000000000000000000000000000000000000000000000000000000000000000000000000000000000000000000000000000000000000000000000000000000000000000000000000
000000000000000000000000000000000000000000000000000000000000000000000000000000000000000000000000000000000000000000000000000000000000000000000000000000000000000011111111111111110000000000000000000000000000000000000000000000000000000000000000000000000000000000000000000000000000000000000000000000000000000000000000000000000000000000000000000000000000000000000000000000000000000000000000
000000000000000000000000000000000000000000000000000000000000000000000000000000000000000000000000000000000000000000000000000000000000000000000000000000000000000000000000000000001111111111111111000000000000000000000000000000000000000000000000000000000000000000000000000000000000000000000000000000000000000000000000000000000000000000000000000000000000000000000000000000000000000000000000
000000000000000000000000000000000000000000000000000000000000000000000000000000000000000000000000000000000000000000000000000000000000000000000000000000000000000000000000000000000000000000000000111111111111111100000000000000000000000000000000000000000000000000000000000000000000000000000000000000000000000000000000000000000000000000000000000000000000000000000000000000000000000000000000
000000000000000000000000000000000000000000000000000000000000000000000000000000000000000000000000000000000000000000000000000000000000000000000000000000000000000000000000000000000000000000000000000000000000000011111111111111110000000000000000000000000000000000000000000000000000000000000000000000000000000000000000000000000000000000000000000000000000000000000000000000000000000000000000
000000000000000000000000000000000000000000000000000000000000000000000000000000000000000000000000000000000000000000000000000000000000000000000000000000000000000000000000000000000000000000000000000000000000000000000000000000001111111111111111000000000000000000000000000000000000000000000000000000000000000000000000000000000000000000000000000000000000000000000000000000000000000000000000
000000000000000000000000000000000000000000000000000000000000000000000000000000000000000000000000000000000000000000000000000000000000000000000000000000000000000000000000000000000000000000000000000000000000000000000000000000000000000000000000111111111111111100000000000000000000000000000000000000000000000000000000000000000000000000000000000000000000000000000000000000000000000000000000
000000000000000000000000000000000000000000000000000000000000000000000000000000000000000000000000000000000000000000000000000000000000000000000000000000000000000000000000000000000000000000000000000000000000000000000000000000000000000000000000000000000000000011111111111111110000000000000000000000000000000000000000000000000000000000000000000000000000000000000000000000000000000000000000
000000000000000000000000000000000000000000000000000000000000000000000000000000000000000000000000000000000000000000000000000000000000000000000000000000000000000000000000000000000000000000000000000000000000000000000000000000000000000000000000000000000000000000000000000000001111111111111111000000000000000000000000000000000000000000000000000000000000000000000000000000000000000000000000
000000000000000000000000000000000000000000000000000000000000000000000000000000000000000000000000000000000000000000000000000000000000000000000000000000000000000000000000000000000000000000000000000000000000000000000000000000000000000000000000000000000000000000000000000000000000000000000000111111111111111100000000000000000000000000000000000000000000000000000000000000000000000000000000
000000000000000000000000000000000000000000000000000000000000000000000000000000000000000000000000000000000000000000000000000000000000000000000000000000000000000000000000000000000000000000000000000000000000000000000000000000000000000000000000000000000000000000000000000000000000000000000000000000000000000011111111111111110000000000000000000000000000000000000000000000000000000000000000
000000000000000000000000000000000000000000000000000000000000000000000000000000000000000000000000000000000000000000000000000000000000000000000000000000000000000000000000000000000000000000000000000000000000000000000000000000000000000000000000000000000000000000000000000000000000000000000000000000000000000000000000000000001111111111111111000000000000000000000000000000000000000000000000
000000000000000000000000000000000000000000000000000000000000000000000000000000000000000000000000000000000000000000000000000000000000000000000000000000000000000000000000000000000000000000000000000000000000000000000000000000000000000000000000000000000000000000000000000000000000000000000000000000000000000000000000000000000000000000000000111111111111111100000000000000000000000000000000
000000000000000000000000000000000000000000000000000000000000000000000000000000000000000000000000000000000000000000000000000000000000000000000000000000000000000000000000000000000000000000000000000000000000000000000000000000000000000000000000000000000000000000000000000000000000000000000000000000000000000000000000000000000000000000000000000000000000000011111111111111110000000000000000
000000000000000000000000000000000000000000000000000000000000000000000000000000000000000000000000000000000000000000000000000000000000000000000000000000000000000000000000000000000000000000000000000000000000000000000000000000000000000000000000000000000000000000000000000000000000000000000000000000000000000000000000000000000000000000000000000000000000000000000000000000001111111111111111
010110100100110101011010010011010101101001001101010110100100110101011010010011010101101001001101010110100100110101011010010011010101101001001101010110100100110101011010010011010101101001001101000000000000000000000000000000000000000000000000000000000000000000000000000000000000000000000000000000000000000000000000000000000000000000000000000000000000000000000000000000000000000000000000
001001011100110100100101110011010010010111001101001001011100110100100101110011010010010111001101001001011100110100100101110011010010010111001101001001011100110100100101110011010010010111001101000000000000000000000000000000000000000000000000000000000000000000000000000000000000000000000000000000000000000000000000000000000000000000000000000000000000000000000000000000000000000000000000
000101101010101100010110101010110001011010101011000101101010101100010110101010110001011010101011000101101010101100010110101010110001011010101011000101101010101100010110101010110001011010101011000000000000000000000000000000000000000000000000000000000000000000000000000000000000000000000000000000000000000000000000000000000000000000000000000000000000000000000000000000000000000000000000
000010111001011100001011100101110000101110010111000010111001011100001011100101110000101110010111000010111001011100001011100101110000101110010111000010111001011100001011100101110000101110010111000000000000000000000000000000000000000000000000000000000000000000000000000000000000000000000000000000000000000000000000000000000000000000000000000000000000000000000000000000000000000000000000
000000000000000000000000000000000000000000000000000000000000000000000000000000000000000000000000000000000000000000000000000000000000000000000000000000000000000000000000000000000000000000000000010110100100110101011010010011010101101001001101010110100100110101011010010011010101101001001101010110100100110101011010010011010101101001001101010110100100110101011010010011010101101001001101
000000000000000000000000000000000000000000000000000000000000000000000000000000000000000000000000000000000000000000000000000000000000000000000000000000000000000000000000000000000000000000000000001001011100110100100101110011010010010111001101001001011100110100100101110011010010010111001101001001011100110100100101110011010010010111001101001001011100110100100101110011010010010111001101
000000000000000000000000000000000000000000000000000000000000000000000000000000000000000000000000000000000000000000000000000000000000000000000000000000000000000000000000000000000000000000000000000101101010101100010110101010110001011010101011000101101010101100010110101010110001011010101011000101101010101100010110101010110001011010101011000101101010101100010110101010110001011010101011
000000000000000000000000000000000000000000000000000000000000000000000000000000000000000000000000000000000000000000000000000000000000000000000000000000000000000000000000000000000000000000000000000010111001011100001011100101110000101110010111000010111001011100001011100101110000101110010111000010111001011100001011100101110000101110010111000010111001011100001011100101110000101110010111
110100010000000000101110101111101011010100110100001101100000110000011010000110100011100011110010001100001011001000011100101011101011110000011010110111000111101001001000011110000000000000110000110100010000000000101110101111101011010100110100001101100000110000011010000110100011100011110010001100001011001000011100101011101011110000011010110111000111101001001000011110000000000000110000
111111000110000011101000111111000111100010000100001000111110101000000100100010101100110010110100101001101000010000110010000010000010001100010000111110111011101011001100111011101001010100110000111111000110000011101000111111000111100010000100001000111110101000000100100010101100110010110100101001101000010000110010000010000010001100010000111110111011101011001100111011101001010100110000
111100100011001010010010111110000111110101100000100101100011101011010000101100001000100111101010101101011011011010010000101010100000110110110000000001011100011011100110111101000100101001000000111100100011001010010010111110000111110101100000100101100011101011010000101100001000100111101010101101011011011010010000101010100000110110110000000001011100011011100110111101000100101001000000
011001010101011010110000011110100000100001001100111011001000011011010110010110001010000100000010101101110001010001101011011111000001010010100000101100000111101001111010000010000100011100000000011001010101011010110000011110100000100001001100111011001000011011010110010110001010000100000010101101110001010001101011011111000001010010100000101100000111101001111010000010000100011100000000
101110101100010000100100101011000110001100101000011001110011111001011111010011100110000101010100001011000010110000000101111000100110010111101000011010111011011011100111010101101101001101110000101110101100010000100100101011000110001100101000011001110011111001011111010011100110000101010100001011000010110000000101111000100110010111101000011010111011011011100111010101101101001101110000
010011000100011000000110011110000101111101010000100101110101001001001111111000000000000100001000100110101101100000100000111110000100000110000010010110000000010011010010000100101111110000110000010011000100011000000110011110000101111101010000100101110101001001001111111000000000000100001000100110101101100000100000111110000100000110000010010110000000010011010010000100101111110000110000
011110010101010010100100101011101010010011100000001101100001111011001100111101101001100011110010101010111100010011110000011110000110011001110010001100011001100011101101001011100111001100100000011110010101010010100100101011101010010011100000001101100001111011001100111101101001100011110010101010111100010011110000011110000110011001110010001100011001100011101101001011100111001100100000
001111000111111010011000011010001101000000000100011101001001110010010010101011100011001101000010101010101101111000111111001111000010010100011100101000101111111001110011110101101011010101000000001111000111111010011000011010001101000000000100011101001001110010010010101011100011001101000010101010101101111000111111001111000010010100011100101000101111111001110011110101101011010101000000
011010010011000010000110011000101111001010000000110111011100011000001010011101001110100011001100110100000010000000010100001011100000000000100100001100101100111011100011000001001110100000110000011010010011000010000110011000101111001010000000110111011100011000001010011101001110100011001100110100000010000000010100001011100000000000100100001100101100111011100011000001001110100000110000
001101111100010000101000011011001110101111110000010000010011101011110000111101100110011010000010100100000001100000111100100010001001000000101110110010111011000010111010010101001110100001010000001101111100010000101000011011001110101111110000010000010011101011110000111101100110011010000010100100000001100000111100100010001001000000101110110010111011000010111010010101001110100001010000
101100100000011011001000101000101110000000010000010010110011101010010010000000100110011001000010000110001010101010000110111001100000111111111010000110111101100001111011011011001000010101110000101100100000011011001000101000101110000000010000010010110011101010010010000000100110011001000010000110001010101010000110111001100000111111111010000110111101100001111011011011001000010101110000
100011100001001000101100011101100111101000101100000110100010101010111010001000000011100110001000111101001101101000100010011100100111000001101110011111100000000010011011110101100000100100000000100011100001001000101100011101100111101000101100000110100010101010111010001000000011100110001000111101001101101000100010011100100111000001101110011111100000000010011011110101100000100100000000
100110110011001000110000010000101100001111011000000100000010110011101001111011000111101100011110111000011001011000000011011101000101101000100100110111011111011001000111101011001101111000110000100110110011001000110000010000101100001111011000000100000010110011101001111011000111101100011110111000011001011000000011011101000101101000100100110111011111011001000111101011001101111000110000
001000110110010010010100011100001110111000111100101100111111010000101100110101101110010101101000001101110101001001100011101000000110011011111010101111010101011000100000100110001111111100000000001000110110010010010100011100001110111000111100101100111111010000101100110101101110010101101000001101110101001001100011101000000110011011111010101111010101011000100000100110001111111100000000
000100011010011011010010001111001110010001001000100111110000011010101111111011100011000110000110000101001010011011111000001110000101010111011000001110001110101001001011001100000111000101010000000100011010011011010010001111001110010001001000100111110000011010101111111011100011000110000110000101001010011011111000001110000101010111011000001110001110101001001011001100000111000101010000
000011011111001011001001010111001111000011011000111101000100110010010111101000101010100000111110110010110101001000100011010111100010011111000110011110110110011000100101111110000010110101010000000011011111001011001001010111001111000011011000111101000100110010010111101000101010100000111110110010110101001000100011010111100010011111000110011110110110011000100101111110000010110101010000
100011101000001001000010010101101011010110100100110000111011001010011101000101101111111010101110011010101000100011100110110010001110000010010100001111110000101011110111101010001011111101110000100011101000001001000010010101101011010110100100110000111011001010011101000101101111111010101110011010101000100011100110110010001110000010010100001111110000101011110111101010001011111101110000
010000000000010011111000011011100110101000101000011100101101111000111001111101100101100000001000111010011110110000110101101100101110101000010000110010000100110010101110010111100100010001010000010000000000010011111000011011100110101000101000011100101101111000111001111101100101100000001000111010011110110000110101101100101110101000010000110010000100110010101110010111100100010001010000
010001001011010000101110001011100011110001001110000000100101001001110101101111000100011101000010101110100101001010110110001000000010001110101110111111011111001011010100110100100101011101000000010001001011010000101110001011100011110001001110000000100101001001110101101111000100011101000010101110100101001010110110001000000010001110101110111111011111001011010100110100100101011101000000
100101111001010000101100001110001101111011001100000010011011010001110111011101001100100010011000111100111101100000111101110101101100001101000100101101101001100001000101101111001010100001110000100101111001010000101100001110001101111011001100000010011011010001110111011101001100100010011000111100111101100000111101110101101100001101000100101101101001100001000101101111001010100001110000
010111100111000010000110001001100110010111101000000011000111111010000101000110100110000101110000100001011100001000100011101010001111000010010110001101011000010001010110100000101110000000100000010111100111000010000110001001100110010111101000000011000111111010000101000110100110000101110000100001011100001000100011101010001111000010010110001101011000010001010110100000101110000000100000
011111001000011011001000010111101000110010000000010101100001111010010011111110100011011100010000101001101111101011101100111001101011111010111000001100100110010010000011000101100000110000110000011111001000011011001000010111101000110010000000010101100001111010010011111110100011011100010000101001101111101011101100111001101011111010111000001100100110010010000011000101100000110000110000
011000010001000010110010010010000100101011000100101011000101000010010000001010000011010101011010001100011000110001011000010100101100111110111110111101010011011011101100011010001000100100010000011000010001000010110010010010000100101011000100101011000101000010010000001010000011010101011010001100011000110001011000010100101100111110111110111101010011011011101100011010001000100100010000
111000100101011000000010001101001111001010101000011011000010001011010111011101000100111101100100111110100111100010011111110011001011111101010010101100000010110000000010101110101011100101110000111000100101011000000010001101001111001010101000011011000010001011010111011101000100111101100100111110100111100010011111110011001011111101010010101100000010110000000010101110101011100101110000

X checks
111111111111111100000000000000000000000000000000000000000000000000000000000000000000000000000000000000000000000000000000000000000000000000000000000000000000000000000000000000000000000000000000000000000000000000000000000000000000000000000000000000000000000000000000000000000000000000000000000000000000000000000000000000000000000000000000000000000000000000000000000000000000000000000000
000000000000000011111111111111110000000000000000000000000000000000000000000000000000000000000000000000000000000000000000000000000000000000000000000000000000000000000000000000000000000000000000000000000000000000000000000000000000000000000000000000000000000000000000000000000000000000000000000000000000000000000000000000000000000000000000000000000000000000000000000000000000000000000000
000000000000000000000000000000001111111111111111000000000000000000000000000000000000000000000000000000000000000000000000000000000000000000000000000000000000000000000000000000000000000000000000000000000000000000000000000000000000000000000000000000000000000000000000000000000000000000000000000000000000000000000000000000000000000000000000000000000000000000000000000000000000000000000000
000000000000000000000000000000000000000000000000111111111111111100000000000000000000000000000000000000000000000000000000000000000000000000000000000000000000000000000000000000000000000000000000000000000000000000000000000000000000000000000000000000000000000000000000000000000000000000000000000000000000000000000000000000000000000000000000000000000000000000000000000000000000000000000000
000000000000000000000000000000000000000000000000000000000000000011111111111111110000000000000000000000000000000000000000000000000000000000000000000000000000000000000000000000000000000000000000000000000000000000000000000000000000000000000000000000000000000000000000000000000000000000000000000000000000000000000000000000000000000000000000000000000000000000000000000000000000000000000000
000000000000000000000000000000000000000000000000000000000000000000000000000000001111111111111111000000000000000000000000000000000000000000000000000000000000000000000000000000000000000000000000000000000000000000000000000000000000000000000000000000000000000000000000000000000000000000000000000000000000000000000000000000000000000000000000000000000000000000000000000000000000000000000000
000000000000000000000000000000000000000000000000000000000000000000000000000000000000000000000000111111111111111100000000000000000000000000000000000000000000000000000000000000000000000000000000000000000000000000000000000000000000000000000000000000000000000000000000000000000000000000000000000000000000000000000000000000000000000000000000000000000000000000000000000000000000000000000000
000000000000000000000000000000000000000000000000000000000000000000000000000000000000000000000000000000000000000011111111111111110000000000000000000000000000000000000000000000000000000000000000000000000000000000000000000000000000000000000000000000000000000000000000000000000000000000000000000000000000000000000000000000000000000000000000000000000000000000000000000000000000000000000000
000000000000000000000000000000000000000000000000000000000000000000000000000000000000000000000000000000000000000000000000000000001111111111111111000000000000000000000000000000000000000000000000000000000000000000000000000000000000000000000000000000000000000000000000000000000000000000000000000000000000000000000000000000000000000000000000000000000000000000000000000000000000000000000000
000000000000000000000000000000000000000000000000000000000000000000000000000000000000000000000000000000000000000000000000000000000000000000000000111111111111111100000000000000000000000000000000000000000000000000000000000000000000000000000000000000000000000000000000000000000000000000000000000000000000000000000000000000000000000000000000000000000000000000000000000000000000000000000000
000000000000000000000000000000000000000000000000000000000000000000000000000000000000000000000000000000000000000000000000000000000000000000000000000000000000000011111111111111110000000000000000000000000000000000000000000000000000000000000000000000000000000000000000000000000000000000000000000000000000000000000000000000000000000000000000000000000000000000000000000000000000000000000000
000000000000000000000000000000000000000000000000000000000000000000000000000000000000000000000000000000000000000000000000000000000000000000000000000000000000000000000000000000001111111111111111000000000000000000000000000000000000000000000000000000000000000000000000000000000000000000000000000000000000000000000000000000000000000000000000000000000000000000000000000000000000000000000000
000000000000000000000000000000000000000000000000000000000000000000000000000000000000000000000000000000000000000000000000000000000000000000000000000000000000000000000000000000000000000000000000111111111111111100000000000000000000000000000000000000000000000000000000000000000000000000000000000000000000000000000000000000000000000000000000000000000000000000000000000000000000000000000000
000000000000000000000000000000000000000000000000000000000000000000000000000000000000000000000000000000000000000000000000000000000000000000000000000000000000000000000000000000000000000000000000000000000000000011111111111111110000000000000000000000000000000000000000000000000000000000000000000000000000000000000000000000000000000000000000000000000000000000000000000000000000000000000000
000000000000000000000000000000000000000000000000000000000000000000000000000000000000000000000000000000000000000000000000000000000000000000000000000000000000000000000000000000000000000000000000000000000000000000000000000000001111111111111111000000000000000000000000000000000000000000000000000000000000000000000000000000000000000000000000000000000000000000000000000000000000000000000000
000000000000000000000000000000000000000000000000000000000000000000000000000000000000000000000000000000000000000000000000000000000000000000000000000000000000000000000000000000000000000000000000000000000000000000000000000000000000000000000000111111111111111100000000000000000000000000000000000000000000000000000000000000000000000000000000000000000000000000000000000000000000000000000000
000000000000000000000000000000000000000000000000000000000000000000000000000000000000000000000000000000000000000000000000000000000000000000000000000000000000000000000000000000000000000000000000000000000000000000000000000000000000000000000000000000000000000011111111111111110000000000000000000000000000000000000000000000000000000000000000000000000000000000000000000000000000000000000000
000000000000000000000000000000000000000000000000000000000000000000000000000000000000000000000000000000000000000000000000000000000000000000000000000000000000000000000000000000000000000000000000000000000000000000000000000000000000000000000000000000000000000000000000000000001111111111111111000000000000000000000000000000000000000000000000000000000000000000000000000000000000000000000000
000000000000000000000000000000000000000000000000000000000000000000000000000000000000000000000000000000000000000000000000000000000000000000000000000000000000000000000000000000000000000000000000000000000000000000000000000000000000000000000000000000000000000000000000000000000000000000000000111111111111111100000000000000000000000000000000000000000000000000000000000000000000000000000000
000000000000000000000000000000000000000000000000000000000000000000000000000000000000000000000000000000000000000000000000000000000000000000000000000000000000000000000000000000000000000000000000000000000000000000000000000000000000000000000000000000000000000000000000000000000000000000000000000000000000000011111111111111110000000000000000000000000000000000000000000000000000000000000000
000000000000000000000000000000000000000000000000000000000000000000000000000000000000000000000000000000000000000000000000000000000000000000000000000000000000000000000000000000000000000000000000000000000000000000000000000000000000000000000000000000000000000000000000000000000000000000000000000000000000000000000000000000001111111111111111000000000000000000000000000000000000000000000000
000000000000000000000000000000000000000000000000000000000000000000000000000000000000000000000000000000000000000000000000000000000000000000000000000000000000000000000000000000000000000000000000000000000000000000000000000000000000000000000000000000000000000000000000000000000000000000000000000000000000000000000000000000000000000000000000111111111111111100000000000000000000000000000000
000000000000000000000000000000000000000000000000000000000000000000000000000000000000000000000000000000000000000000000000000000000000000000000000000000000000000000000000000000000000000000000000000000000000000000000000000000000000000000000000000000000000000000000000000000000000000000000000000000000000000000000000000000000000000000000000000000000000000011111111111111110000000000000000
000000000000000000000000000000000000000000000000000000000000000000000000000000000000000000000000000000000000000000000000000000000000000000000000000000000000000000000000000000000000000000000000000000000000000000000000000000000000000000000000000000000000000000000000000000000000000000000000000000000000000000000000000000000000000000000000000000000000000000000000000000001111111111111111
110110100100110011011010010011001101101001001100110110100100110011011010010011001101101001001100110110100100110011011010010011001101101001001100110110100100110011011010010011001101101001001100000000000000000000000000000000000000000000000000000000000000000000000000000000000000000000000000000000000000000000000000000000000000000000000000000000000000000000000000000000000000000000000000
101001011100110010100101110011001010010111001100101001011100110010100101110011001010010111001100101001011100110010100101110011001010010111001100101001011100110010100101110011001010010111001100000000000000000000000000000000000000000000000000000000000000000000000000000000000000000000000000000000000000000000000000000000000000000000000000000000000000000000000000000000000000000000000000
100101101010101010010110101010101001011010101010100101101010101010010110101010101001011010101010100101101010101010010110101010101001011010101010100101101010101010010110101010101001011010101010000000000000000000000000000000000000000000000000000000000000000000000000000000000000000000000000000000000000000000000000000000000000000000000000000000000000000000000000000000000000000000000000
100010111001011010001011100101101000101110010110100010111001011010001011100101101000101110010110100010111001011010001011100101101000101110010110100010111001011010001011100101101000101110010110000000000000000000000000000000000000000000000000000000000000000000000000000000000000000000000000000000000000000000000000000000000000000000000000000000000000000000000000000000000000000000000000
000000000000000000000000000000000000000000000000000000000000000000000000000000000000000000000000000000000000000000000000000000000000000000000000000000000000000000000000000000000000000000000000110110100100110011011010010011001101101001001100110110100100110011011010010011001101101001001100110110100100110011011010010011001101101001001100110110100100110011011010010011001101101001001100
000000000000000000000000000000000000000000000000000000000000000000000000000000000000000000000000000000000000000000000000000000000000000000000000000000000000000000000000000000000000000000000000101001011100110010100101110011001010010111001100101001011100110010100101110011001010010111001100101001011100110010100101110011001010010111001100101001011100110010100101110011001010010111001100
000000000000000000000000000000000000000000000000000000000000000000000000000000000000000000000000000000000000000000000000000000000000000000000000000000000000000000000000000000000000000000000000100101101010101010010110101010101001011010101010100101101010101010010110101010101001011010101010100101101010101010010110101010101001011010101010100101101010101010010110101010101001011010101010
000000000000000000000000000000000000000000000000000000000000000000000000000000000000000000000000000000000000000000000000000000000000000000000000000000000000000000000000000000000000000000000000100010111001011010001011100101101000101110010110100010111001011010001011100101101000101110010110100010111001011010001011100101101000101110010110100010111001011010001011100101101000101110010110
011010000101010010111000000101000101110001100000101000001010011010001100101100001010111001011000101001100001100010001010000001000101010101001110001101010010111011011110110100100110100101100000011010000101010010111000000101000101110001100000101000001010011010001100101100001010111001011000101001100001100010001010000001000101010101001110001101010010111011011110110100100110100101100000
000011111000100001100011000101001000110010010010110101111111110011110000100111000100011101011100001011010110110011000110000111101101011100000110011100000101001001000111000001101110000100101000000011111000100001100011000101001000110010010010110101111111110011110000100111000100011101011100001011010110110011000110000111101101011100000110011100000101001001000111000001101110000100101000
011111011011001010010010100001100000001011100000100101100100010011010000110011101000100110010100101101011100100010010000110101000111001000110000011110100100011011100110100010100011010101001000011111011011001010010010100001100000001011100000100101100100010011010000110011101000100110010100101101011100100010010000110101000111001000110000011110100100011011100110100010100011010101001000
011001111110101010101101001110000110101011110000111100011100010011001011000110101011110001000000101010100101011000001001110000000111011000011100101011010011100000011000101101001101101001000000011001111110101010101101001110000110101011110000111100011100010011001011000110101011110001000000101010100101011000001001110000000111011000011100101011010011100000011000101101001101101001000000
101110100011010010011100010111001101101111011000110111111100111011100111101111101101100110100100100101001101110010111101000100101101110100011000110100110100011000100000010110001110101100000000101110100011010010011100010111001101101111011000110111111100111011100111101111101101100110100100100101001101110010111101000100101101110100011000110100110100011000100000010110001110101100000000
110000110011011011000001000010001001100000100000001011111101110010001000100100001100011001111000001000100101011011100111100010001000011011110010100111110111010001101010100111001011101101001000110000110011011011000001000010001001100000100000001011111101110010001000100100001100011001111000001000100101011011100111100010001000011011110010100111110111010001101010100111001011101101001000
101110011010010001100011101000000110001111101110100011101110111000001011111110000101111111111100011011001100101000110111011101101101111010000010100010010110100000101010001000000011010000100000101110011010010001100011101000000110001111101110100011101110111000001011111110000101111111111100011011001100101000110111011101101101111010000010100010010110100000101010001000000011010000100000
100001000000000010011000000101101101000001111010000010110001110010010010110100000100110011000010101010101010000001000000101111000101101010011100101000101000000000001100010101100100101001000000100001000000000010011000000101101101000001111010000010110001110010010010110100000100110011000010101010101010000001000000101111000101101010011100101000101000000000001100010101100100101001000000
000101111110010000010000101101100110010001010100010010110001001011100011010111100111111000011000010001101111010011111101000001001110100100001110110110111110010001110101110100000111111001100000000101111110010000010000101101100110010001010100010010110001001011100011010111100111111000011000010001101111010011111101000001001110100100001110110110111110010001110101110100000111111001100000
011110000100010001010111111011001110101110001110001111101011101011110000100010000001100100000010100100000110011001000011000010001001000001010000110010111100111010111010001010101110100000101000011110000100010001010111111011001110101110001110001111101011101011110000100010000001100100000010100100000110011001000011000010001001000001010000110010111100111010111010001010101110100000101000
100000100111100011001000110111001110000001101110001101001011101010010010011111000001100111000010011001110010101010000110100110000111000001111010011001000101100000000100111011001000010100001000100000100111100011001000110111001110000001101110001101001011101010010010011111000001100111000010011001110010101010000110100110000111000001111010011001000101100000000100111011001000010100001000
110000010110001011101011000001101011110101011100110111010101101000000010101011101111111011111000010011000101010011100101000000101011011100011110101110010111000000100011010110000011000100001000110000010110001011101011000001101011110101011100110111010101101000000010101011101111111011111000010011000101010011100101000000101011011100011110101110010111000000100011010110000011000100001000
011010100110011010100110111010000010101010001100100001101000011000000000101110001110110110110100000010001100001010010101110111101100110010001110001101001010001011010001000001100011011101101000011010100110011010100110111010000010101010001100100001101000011000000000101110001110110110110100000010001100001010010101110111101100110010001110001101001010001011010001000001100011011101101000
010110010101011001001110010000100011010000001110011010011100011010001001000110100011111101011010100100101001111011000110011011001100001100110110011001110110010010000101010101001101101001000000010110010101011001001110010000100011010000001110011010011100011010001001000110100011111101011010100100101001111011000110011011001100001100110110011001110110010010000101010101001101101001000000
001001000001010001110111100011100100000111111010001110101011010000001010010111001110101111001010110011101110101001011101100010101000111110010100111000101010011010010001011111000101010001101000001001000001010001110111100011100100000111111010001110101011010000001010010111001110101111001010110011101110101001011101100010101000111110010100111000101010011010010001011111000101010001101000
111110100000110010110110101000101000111100100110100010111011001011101000010111001101011111000000101101001010110000100011010111100010011111000110011110110110011000100101111110001101001000101000111110100000110010110110101000101000111100100110100010111011001011101000010111001101011111000000101101001010110000100011010111100010011111000110011110110110011000100101111110001101001000101000
100011010001010011001001110000000100000111001100001101111101101001101001011111100000101011000110111000010001111000010010101000000001010011111100101101001001110000000011110000001011010001100000100011010001010011001001110000000100000111001100001101111101101001101001011111100000101011000110111000010001111000010010101000000001010011111100101101001001110000000011110000001011010001100000
011101000110110000001100000001101110000110111110111110010100100010110010011000001101001110011110000111011000010010111110001001000001111001111000001111000010010001011010001101101100111101001000011101000110110000001100000001101110000110111110111110010100100010110010011000001101001110011110000111011000010010111110001001000001111001111000001111000010010001011010001101101100111101001000
101101111010110001100010110010000111000010101000010011101011010000111001010110100000101110100100100010010100101010000101001110000110111101001000110011101110101011100111110010100001101100101000101101111010110001100010110010000111000010101000010011101011010000111001010110100000101110100100100010010100101010000101001110000110111101001000110011101110101011100111110010100001101100101000
010101100100111001111101111000101111000011101000010110000110111000100110101011101110011010111100110111011111110001101100000011001110110101100000100110001011110000010100011001100111100100100000010101100100111001111101111000101111000011101000010110000110111000100110101011101110011010111100110111011111110001101100000011001110110101100000100110001011110000010100011001100111100100100000
111001001011001011100100111001000111100011010100000100010100001011100111110110000111110001001100111001110000000000111110100101001001001001010100001010001011100001001011101111101000001001100000111001001011001011100100111001000111100011010100000100010100001011100111110110000111110001001100111001110000000000111110100101001001001001010100001010001011100001001011101111101000001001100000
011110110000011011001000001000001000110011111110001010011001111010010011100001000100100010010000101001101000010011101100100110001011111011000110010011011110010010000011011010001000110001000000011110110000011011001000001000001000110011111110001010011001111010010011100001000100100010010000101001101000010011101100100110001011111011000110010011011110010010000011011010001000110001000000
001011110100101011100011111011000110010010011110111111011111010011000001100011000001101100000000000111111101011001110110000010001001111000011010101001001001001010111101110011000010011101001000001011110100101011100011111011000110010010011110111111011111010011000001100011000001101100000000000111111101011001110110000010001001111000011010101001001001001010111101110011000010011101001000
110100111111001000101100011011101010001100001100010000100111100010000110110100000110000100111110101010111101110011001110011010001110111011110110111000011000100000101100111000000001011100101000110100111111001000101100011011101010001100001100010000100111100010000110110100000110000100111110101010111101110011001110011010001110111011110110111000011000100000101100111000000001011100101000
