Z checks
111111111111111111111111000000000000000000000000000000000000000000000000000000000000000000000000000000000000000000000000000000000000000000000000000000000000000000000000000000000000000000000000000000000000000000000000000000000000000000000000000000000000000000000000000000000000000000000000000000000000000000000000000000000000000000000000000000000000000000000000000000000000000000000000
000000000000000000000000111111111111111111111111000000000000000000000000000000000000000000000000000000000000000000000000000000000000000000000000000000000000000000000000000000000000000000000000000000000000000000000000000000000000000000000000000000000000000000000000000000000000000000000000000000000000000000000000000000000000000000000000000000000000000000000000000000000000000000000000
000000000000000000000000000000000000000000000000111111111111111111111111000000000000000000000000000000000000000000000000000000000000000000000000000000000000000000000000000000000000000000000000000000000000000000000000000000000000000000000000000000000000000000000000000000000000000000000000000000000000000000000000000000000000000000000000000000000000000000000000000000000000000000000000
000000000000000000000000000000000000000000000000000000000000000000000000111111111111111111111111000000000000000000000000000000000000000000000000000000000000000000000000000000000000000000000000000000000000000000000000000000000000000000000000000000000000000000000000000000000000000000000000000000000000000000000000000000000000000000000000000000000000000000000000000000000000000000000000
000000000000000000000000000000000000000000000000000000000000000000000000000000000000000000000000111111111111111111111111000000000000000000000000000000000000000000000000000000000000000000000000000000000000000000000000000000000000000000000000000000000000000000000000000000000000000000000000000000000000000000000000000000000000000000000000000000000000000000000000000000000000000000000000
000000000000000000000000000000000000000000000000000000000000000000000000000000000000000000000000000000000000000000000000111111111111111111111111000000000000000000000000000000000000000000000000000000000000000000000000000000000000000000000000000000000000000000000000000000000000000000000000000000000000000000000000000000000000000000000000000000000000000000000000000000000000000000000000
000000000000000000000000000000000000000000000000000000000000000000000000000000000000000000000000000000000000000000000000000000000000000000000000111111111111111111111111000000000000000000000000000000000000000000000000000000000000000000000000000000000000000000000000000000000000000000000000000000000000000000000000000000000000000000000000000000000000000000000000000000000000000000000000
000000000000000000000000000000000000000000000000000000000000000000000000000000000000000000000000000000000000000000000000000000000000000000000000000000000000000000000000111111111111111111111111000000000000000000000000000000000000000000000000000000000000000000000000000000000000000000000000000000000000000000000000000000000000000000000000000000000000000000000000000000000000000000000000
000000000000000000000000000000000000000000000000000000000000000000000000000000000000000000000000000000000000000000000000000000000000000000000000000000000000000000000000000000000000000000000000111111111111111111111111000000000000000000000000000000000000000000000000000000000000000000000000000000000000000000000000000000000000000000000000000000000000000000000000000000000000000000000000
000000000000000000000000000000000000000000000000000000000000000000000000000000000000000000000000000000000000000000000000000000000000000000000000000000000000000000000000000000000000000000000000000000000000000000000000111111111111111111111111000000000000000000000000000000000000000000000000000000000000000000000000000000000000000000000000000000000000000000000000000000000000000000000000
000000000000000000000000000000000000000000000000000000000000000000000000000000000000000000000000000000000000000000000000000000000000000000000000000000000000000000000000000000000000000000000000000000000000000000000000000000000000000000000000111111111111111111111111000000000000000000000000000000000000000000000000000000000000000000000000000000000000000000000000000000000000000000000000
000000000000000000000000000000000000000000000000000000000000000000000000000000000000000000000000000000000000000000000000000000000000000000000000000000000000000000000000000000000000000000000000000000000000000000000000000000000000000000000000000000000000000000000000111111111111111111111111000000000000000000000000000000000000000000000000000000000000000000000000000000000000000000000000
000000000000000000000000000000000000000000000000000000000000000000000000000000000000000000000000000000000000000000000000000000000000000000000000000000000000000000000000000000000000000000000000000000000000000000000000000000000000000000000000000000000000000000000000000000000000000000000000111111111111111111111111000000000000000000000000000000000000000000000000000000000000000000000000
000000000000000000000000000000000000000000000000000000000000000000000000000000000000000000000000000000000000000000000000000000000000000000000000000000000000000000000000000000000000000000000000000000000000000000000000000000000000000000000000000000000000000000000000000000000000000000000000000000000000000000000000111111111111111111111111000000000000000000000000000000000000000000000000
000000000000000000000000000000000000000000000000000000000000000000000000000000000000000000000000000000000000000000000000000000000000000000000000000000000000000000000000000000000000000000000000000000000000000000000000000000000000000000000000000000000000000000000000000000000000000000000000000000000000000000000000000000000000000000000000111111111111111111111111000000000000000000000000
000000000000000000000000000000000000000000000000000000000000000000000000000000000000000000000000000000000000000000000000000000000000000000000000000000000000000000000000000000000000000000000000000000000000000000000000000000000000000000000000000000000000000000000000000000000000000000000000000000000000000000000000000000000000000000000000000000000000000000000000111111111111111111111111
010111000000100011111110010111000000100011111110101000111111011100000001010111000000100011111110010111000000100011111110101000111111011100000001101000111111011100000001010111000000100011111110000000000000000000000000000000000000000000000000000000000000000000000000000000000000000000000000000000000000000000000000000000000000000000000000000000000000000000000000000000000000000000000000
110111000000011100000000110111000000011100000000110111000000011100000000110111000000011100000000110111000000011100000000110111000000011100000000110111000000011100000000110111000000011100000000000000000000000000000000000000000000000000000000000000000000000000000000000000000000000000000000000000000000000000000000000000000000000000000000000000000000000000000000000000000000000000000000
000010010101001001010111000010010101001001010111000010010101001001010111111101101010110110101000111101101010110110101000000010010101001001010111000010010101001001010111000010010101001001010111000000000000000000000000000000000000000000000000000000000000000000000000000000000000000000000000000000000000000000000000000000000000000000000000000000000000000000000000000000000000000000000000
000100100110010010011011000100100110010010011011000100100110010010011011000100100110010010011011000100100110010010011011000100100110010010011011000100100110010010011011000100100110010010011011000000000000000000000000000000000000000000000000000000000000000000000000000000000000000000000000000000000000000000000000000000000000000000000000000000000000000000000000000000000000000000000000
100011011110110010000110100011011110110010000110011100100001001101111001011100100001001101111001011100100001001101111001011100100001001101111001011100100001001101111001100011011110110010000110000000000000000000000000000000000000000000000000000000000000000000000000000000000000000000000000000000000000000000000000000000000000000000000000000000000000000000000000000000000000000000000000
000000000000000000000000000000000000000000000000000000000000000000000000000000000000000000000000000000000000000000000000000000000000000000000000000000000000000000000000000000000000000000000000000010010101001001010111111101101010110110101000111101101010110110101000000010010101001001010111000010010101001001010111000010010101001001010111111101101010110110101000000010010101001001010111
000000000000000000000000000000000000000000000000000000000000000000000000000000000000000000000000000000000000000000000000000000000000000000000000000000000000000000000000000000000000000000000000000100100110010010011011000100100110010010011011000100100110010010011011000100100110010010011011000100100110010010011011000100100110010010011011000100100110010010011011000100100110010010011011
000000000000000000000000000000000000000000000000000000000000000000000000000000000000000000000000000000000000000000000000000000000000000000000000000000000000000000000000000000000000000000000000001111000111111100011100110000111000000011100011110000111000000011100011110000111000000011100011110000111000000011100011110000111000000011100011001111000111111100011100110000111000000011100011
000000000000000000000000000000000000000000000000000000000000000000000000000000000000000000000000000000000000000000000000000000000000000000000000000000000000000000000000000000000000000000000000011001001100011011001101100110110011100100110010011001001100011011001101100110110011100100110010100110110011100100110010100110110011100100110010100110110011100100110010011001001100011011001101
000000000000000000000000000000000000000000000000000000000000000000000000000000000000000000000000000000000000000000000000000000000000000000000000000000000000000000000000000000000000000000000000110111000000011100000000110111000000011100000000110111000000011100000000110111000000011100000000110111000000011100000000110111000000011100000000110111000000011100000000110111000000011100000000
111001011000001100011000011110011000000000110011011100101010111000101100010110110100011100001110001000111001100000101110010100000110001011111000010110100000110001011010000110011001011001111001011010000110111110011110000010111001001101001010000000001011110101010101001010010101010001110111101011100111010010101000001000100111000110000001001010000001111100100011011010111000010100000000
000011001110001000100010000010110101000101100011001100010000100000110011101100101001110110000101101010111011111100001111101101101100000011011111000001001000001010100111010011101111110110001100000001011011000001110101000000100000001100110100001110000101101001100100010001000011000000101101010111010001001010100111010000000110110101110111000011011101000011110000101110000101000000100100
111111110100100110000000000110000101011100011001100110001101010001111010101101001100110000000011101101000110100101010101100010111110001101110000101110110000100001010001101010001110101010011100110110000000000001010000001111110001111011001001010000000110001001010101011011000111101000101100100100110010000010000101101011001010101010100000100111000100000110000001011100000101110010110011
100100010000101000011010000001100011010001010001010011110100110110010010100000010010101001001001010100010001101100111011011000000000101111101010101101111001100000101001010011100000100001000000010100101000101011111001001110100100101101001101011100110011001010001110010000101010101010101010100100101001101111011000101000111000101100001001011101000001100011001010100011011000100010100011
011100101010110100001000101100100000111100100010100100001100001001011101000011100111110111001110000110011000010011101100111101000000100010001110000110101000000001100011011000110100100101000000011010011001101111000100101010010011100111101110011101000000101101101110000101010100101100000010000000101011001000100000000100001100000110111101000000011011011010101111011110000111111110001100
011100011010001100001100010100000110010010011101100110001001001100101001010001100001001101100101011011110100001110100010001010000100011011000010000110010011011010010100110100001110100000011010000101010110010111000001001101001010001001010000000000111010101000011011001000101101010110101000000010111000010101101111010011001000000000001111100000100000111110100110010010111101000100101000
000000010110100001100000000011001001010110110001010010100010100011101100011000110011000100111000011001000001101110001100000111011100010011110111011010110010000100001101111100111000000000111110110000101110100010000011001100001110101010101101100010011010100000001111010111110100111000100100010110000110010010010000110111100100010000010100010101110101111000010001001100000000000011011101
101010101101001000010010000101011111000000000001010101000010000011000101010111010101101011000111111010000010110000100011100100100001011101011101001111110100100000011000110100100111000110110010000001001100011001101011010001000001101110000111111110100011010010111100000011001011000101000001010001100011100001011010001111000000001100100100100100010101110001100001100000111001101000110100
100011111100110000000010010100110010000001011000100011100100000011001000010001011010011100110011000100111110110110001010000000000001111000001111010000000110001001001000011011111001010010000101010101110111101000101101100010111001011001110111101010010000100100011000100111010001000100011100001101001010010001011010110110001010100000100000100110001101010001100111010010001101110101010101
101001100000010000100011000001100100110111100001100000001111111100110010011110110100010101011011110000101110001010010001110000111001111000110100001000000111100010100111101100101011001001000111000010000001000001011010101010000101100110011000110100010001010010110100110101010101000100100010100100110000100100010111011011011000101001001101100011100110110011011110111000110101100111000001
100000000010001011110100101000101100001111110010111010011100100010000010100010100011001010000111110000110011001101100000010011010110101110001001111010011110110001000100000000010011011010101000101010101000100001011100100010000110100101011010001111001001110111010101101000001001100000101111111010011001100111001000011001111100000100100001110000110100011011101100001010111001110000000000
110001000001010011111110011000111010100101011010100010001011101001110000001011011100100101110010000000001001010111000101100001001110110101000001000111100001001000101000100001000010000001001010000100010100000110101001101101101111110000001101101000100001000011011000111110001001110000100101001010100011111101101101010100011011100000010110001101001011100010000000010100010111010100011101
011110100000101010001100101100011001110000000101110100000101001010101001000000100000000001100100111010010001001101100000111101010011110100011010101011010100110100101010000000111101100101010111011010000110111000010111010111000000011101100001110000100011011000110010111011111001101100000000000001001000100000000100111001110101100110000001010000001101011001001110000100011011110111001100
000111110110001011000101001010111000001000100100000000101000101110110101111111001010011011010001000010110011011010011000101010110001001001100010110000000110010011000111111100000001101000001110111101100100100010001110001111010101011110010000000101000101111000000001000101011000110010011010111000100001110011010011010000100011100000101001001010010100111010001100000110010011000001000101
010010001000001110111111110011111001000000000110101000100010101000011110111010011010000100001100100011101101100011100100011011101000100010110011100000111000010111000110110010011000010100000010101110101001111100111000001111011000110010000001101011111100100101100110111001000100001001110100011111001100010001100011100111001001010000110100011100011001100101000001110001000110011001111010
100000111101000100110100010110010010000111011000011000110011101111011100001000001111011001000000100000101001101000010111111111101010100010001101000001010100101100010010000100000100001001011000011000111010100100101000010001101010011000111011100000110100001111000000110000001000111001011100011000101110001000001011000111101101000010010001111001010011001100001110111100000011101001000100
001000111100001101001001101011000010110110001000000011100001000011000000011000000101111000100110100111001000100001010110100100101000111100011011011101001000000101101001101010000100110010000001101010101001111011100000001001010111000000100001100001110100110101101001000101101111110001110000111010100010101000000000000110111101001010110010000000100010001100111111110111101110111011010111
010011000000000111111001000101111111111000000010011011001001010000000100110001010101001010100111100100011011000111100000011001110100011110100100001011010111001110101110110101001100000010001101101100111111111000000110111010000000000111111101011011001001010000000100001110101010110101011000100100011011000111100000011001110100011110100100110100101000110001010001001010110011111101110010
101111011001001000001110000000110101100000101001100010001011010111010011000110101101010101000100010000111101101001000100100101011000100000000000010010111100100110000010011101100100111101001000010010110011111110100110000010100000101001111110011111100001100001111011000100111000011100010011101101010111011111101100011000110010010110101000010000101001101111010101100000001110001011100000
010010111100100001100010110110011010100010100000100001001010100110001110111100101011000110101110110011010000011011101010110111000110000111111111111011001001010001001000100100111100101001001101011011001000000110110010000000010001111010001111010111000001111110100001001010100000011110000001000101011011000011000101000001001101011111010000001101000010001001100111101101001000001110011101
110100011100100000010011010011010000100011100000111110001101110000000011100101001001000001011110000001100011000001101010010011001111000010000110100001100011111101010010011101100000001111010000100110110001010101011001000001111101010110101010010011011111111010110110110111100100110100010100010011001110110100100000000001100010110111001100110011001110001000011000110000110010000101100101
100110001111000101101001001101001101001100000101011011110001010011011000101100010000101010111110010110001100000010101000000001011010100000001101011000001111010001000101000011010101001101100001001101101110010100010000011001010011100010000011001111101111111101011110111000001110000100111000111101101101010011010001010101000100001110001011110011101110000000111100101000110100011100011000
001000101000111001110001001010000100000010111010110100100100001100000010101001100101111101100000101110010101101001010001000001100110010111110000001010100011001000010001100101001010110010001001000110100100000001000010111011110111000101110110000101010111001011001110100111101001000101010011100000011001010001100010110000010101010000111100111011010000001111011101101011000110001010111010
011101100010011001011111011100001100010010010101010010000100001011101101100011001000110000001001000000001110110100011110001000110011010001100110111000111101010011100000000011000000101001110100110000110000010011101010110001011110011000100000111111010110000001011000110001100101000101000011101101011100111110101011100101100001011011010011101010010000100110101010101110010010100011000001

observable
010001100010101111001110101101110000000000000000000000000000000000000000000000000000000000000000000000000000000000000000000000000000000000000000000000000000000000000000000000000000000000000000000000000000000000000000000000000000000000000000000000000000000000000000000000000000000000000000000000000000000000000000000000000000000000000000000000000000000000000000000000000000000000000000

X checks
111111111111111111111111000000000000000000000000000000000000000000000000000000000000000000000000000000000000000000000000000000000000000000000000000000000000000000000000000000000000000000000000000000000000000000000000000000000000000000000000000000000000000000000000000000000000000000000000000000000000000000000000000000000000000000000000000000000000000000000000000000000000000000000000
000000000000000000000000111111111111111111111111000000000000000000000000000000000000000000000000000000000000000000000000000000000000000000000000000000000000000000000000000000000000000000000000000000000000000000000000000000000000000000000000000000000000000000000000000000000000000000000000000000000000000000000000000000000000000000000000000000000000000000000000000000000000000000000000
000000000000000000000000000000000000000000000000111111111111111111111111000000000000000000000000000000000000000000000000000000000000000000000000000000000000000000000000000000000000000000000000000000000000000000000000000000000000000000000000000000000000000000000000000000000000000000000000000000000000000000000000000000000000000000000000000000000000000000000000000000000000000000000000
000000000000000000000000000000000000000000000000000000000000000000000000111111111111111111111111000000000000000000000000000000000000000000000000000000000000000000000000000000000000000000000000000000000000000000000000000000000000000000000000000000000000000000000000000000000000000000000000000000000000000000000000000000000000000000000000000000000000000000000000000000000000000000000000
000000000000000000000000000000000000000000000000000000000000000000000000000000000000000000000000111111111111111111111111000000000000000000000000000000000000000000000000000000000000000000000000000000000000000000000000000000000000000000000000000000000000000000000000000000000000000000000000000000000000000000000000000000000000000000000000000000000000000000000000000000000000000000000000
000000000000000000000000000000000000000000000000000000000000000000000000000000000000000000000000000000000000000000000000111111111111111111111111000000000000000000000000000000000000000000000000000000000000000000000000000000000000000000000000000000000000000000000000000000000000000000000000000000000000000000000000000000000000000000000000000000000000000000000000000000000000000000000000
000000000000000000000000000000000000000000000000000000000000000000000000000000000000000000000000000000000000000000000000000000000000000000000000111111111111111111111111000000000000000000000000000000000000000000000000000000000000000000000000000000000000000000000000000000000000000000000000000000000000000000000000000000000000000000000000000000000000000000000000000000000000000000000000
000000000000000000000000000000000000000000000000000000000000000000000000000000000000000000000000000000000000000000000000000000000000000000000000000000000000000000000000111111111111111111111111000000000000000000000000000000000000000000000000000000000000000000000000000000000000000000000000000000000000000000000000000000000000000000000000000000000000000000000000000000000000000000000000
000000000000000000000000000000000000000000000000000000000000000000000000000000000000000000000000000000000000000000000000000000000000000000000000000000000000000000000000000000000000000000000000111111111111111111111111000000000000000000000000000000000000000000000000000000000000000000000000000000000000000000000000000000000000000000000000000000000000000000000000000000000000000000000000
000000000000000000000000000000000000000000000000000000000000000000000000000000000000000000000000000000000000000000000000000000000000000000000000000000000000000000000000000000000000000000000000000000000000000000000000111111111111111111111111000000000000000000000000000000000000000000000000000000000000000000000000000000000000000000000000000000000000000000000000000000000000000000000000
000000000000000000000000000000000000000000000000000000000000000000000000000000000000000000000000000000000000000000000000000000000000000000000000000000000000000000000000000000000000000000000000000000000000000000000000000000000000000000000000111111111111111111111111000000000000000000000000000000000000000000000000000000000000000000000000000000000000000000000000000000000000000000000000
000000000000000000000000000000000000000000000000000000000000000000000000000000000000000000000000000000000000000000000000000000000000000000000000000000000000000000000000000000000000000000000000000000000000000000000000000000000000000000000000000000000000000000000000111111111111111111111111000000000000000000000000000000000000000000000000000000000000000000000000000000000000000000000000
000000000000000000000000000000000000000000000000000000000000000000000000000000000000000000000000000000000000000000000000000000000000000000000000000000000000000000000000000000000000000000000000000000000000000000000000000000000000000000000000000000000000000000000000000000000000000000000000111111111111111111111111000000000000000000000000000000000000000000000000000000000000000000000000
000000000000000000000000000000000000000000000000000000000000000000000000000000000000000000000000000000000000000000000000000000000000000000000000000000000000000000000000000000000000000000000000000000000000000000000000000000000000000000000000000000000000000000000000000000000000000000000000000000000000000000000000111111111111111111111111000000000000000000000000000000000000000000000000
000000000000000000000000000000000000000000000000000000000000000000000000000000000000000000000000000000000000000000000000000000000000000000000000000000000000000000000000000000000000000000000000000000000000000000000000000000000000000000000000000000000000000000000000000000000000000000000000000000000000000000000000000000000000000000000000111111111111111111111111000000000000000000000000
000000000000000000000000000000000000000000000000000000000000000000000000000000000000000000000000000000000000000000000000000000000000000000000000000000000000000000000000000000000000000000000000000000000000000000000000000000000000000000000000000000000000000000000000000000000000000000000000000000000000000000000000000000000000000000000000000000000000000000000000111111111111111111111111
010001110011111000110010101110001100000111001101101110001100000111001101101110001100000111001101101110001100000111001101101110001100000111001101101110001100000111001101101110001100000111001101000000000000000000000000000000000000000000000000000000000000000000000000000000000000000000000000000000000000000000000000000000000000000000000000000000000000000000000000000000000000000000000000
010111000000011100000001010111000000011100000001010111000000011100000001010111000000011100000001010111000000011100000001010111000000011100000001010111000000011100000001010111000000011100000001000000000000000000000000000000000000000000000000000000000000000000000000000000000000000000000000000000000000000000000000000000000000000000000000000000000000000000000000000000000000000000000000
001010101010101010101000001010101010101010101000001010101010101010101000001010101010101010101000001010101010101010101000001010101010101010101000001010101010101010101000110101010101010101010111000000000000000000000000000000000000000000000000000000000000000000000000000000000000000000000000000000000000000000000000000000000000000000000000000000000000000000000000000000000000000000000000
100100100110010010011010011011011001101101100101100100100110010010011010100100100110010010011010100100100110010010011010100100100110010010011010011011011001101101100101100100100110010010011010000000000000000000000000000000000000000000000000000000000000000000000000000000000000000000000000000000000000000000000000000000000000000000000000000000000000000000000000000000000000000000000000
001001110100100111010000001001110100100111010000001001110100100111010000001001110100100111010000110110001011011000101111001001110100100111010000001001110100100111010000001001110100100111010000000000000000000000000000000000000000000000000000000000000000000000000000000000000000000000000000000000000000000000000000000000000000000000000000000000000000000000000000000000000000000000000000
000000000000000000000000000000000000000000000000000000000000000000000000000000000000000000000000000000000000000000000000000000000000000000000000000000000000000000000000000000000000000000000000010111000000011100000001010111000000011100000001010111000000011100000001010111000000011100000001010111000000011100000001010111000000011100000001010111000000011100000001010111000000011100000001
000000000000000000000000000000000000000000000000000000000000000000000000000000000000000000000000000000000000000000000000000000000000000000000000000000000000000000000000000000000000000000000000011000000111011111100010011000000111011111100010011000000111011111100010100111111000100000011101100111111000100000011101011000000111011111100010100111111000100000011101011000000111011111100010
000000000000000000000000000000000000000000000000000000000000000000000000000000000000000000000000000000000000000000000000000000000000000000000000000000000000000000000000000000000000000000000000001010101010101010101000001010101010101010101000001010101010101010101000110101010101010101010111001010101010101010101000110101010101010101010111001010101010101010101000001010101010101010101000
000000000000000000000000000000000000000000000000000000000000000000000000000000000000000000000000000000000000000000000000000000000000000000000000000000000000000000000000000000000000000000000000101000111111011100000001010111000000100011111110010111000000100011111110101000111111011100000001101000111111011100000001101000111111011100000001010111000000100011111110010111000000100011111110
000000000000000000000000000000000000000000000000000000000000000000000000000000000000000000000000000000000000000000000000000000000000000000000000000000000000000000000000000000000000000000000000001100011001001110011011001100011001001110011011001100011001001110011011001100011001001110011011001100011001001110011011110011100110110001100100110011100110110001100100001100011001001110011011
001100111111000000110101111101010100101000000111010000110000100001010101001001000110101110011011010010110011000101000101000011001000110101110100010000110010000010001011010100110000100010101110001001010010010110000001000111000110000001001100010101011101110111100001001100101011111000101111101000100001101100001110000110100101100011000000101010100000101011000000101110100010001011100101
110110000101010100000000000010001010000000110111110011000100100010011010011000001100111110101100101001110110001000010010110000010111111100001100000010000010100000001000100111111100000011000101010100010000100010101001011111100000001001100001010001010001010100110011111010011001001000000101110100011100000001000100010010000010001010100101100000010111010110100001111010010110001010010011
101011010000011111000110110100011011001011101000011010010011011001100110010101100010000101100000001111010010100110010011000101110000001110101001010000100100010010111011011011001010001001110011110011010111000000100100101100011100010100001010000010010100000110000100110010011010100101111101010111010101111001110001100010001000101110110100001000100011001101011001000011001101010110010001
110110001000011101011100000101110100011100010100000010011001011100111000000110100111101111010011000011010100001101001110111111000011101001001000000001001011111001110110001000100000110000111111001100011010001011101000000000011001110101011111111000001011001010001100000011001010000110011000000110111001100100000101111010101110000000000011000100100110010000111101001101001101011001110100
111100001001110000001001000111100011010010100111000100011100000001100000110111110000101100100001101001110010010001100001011101000000000101001111110111111000001001010010011000011000010100000110111010111010010100111010000001010000110110010100000010101111100101010011110001000011001000010010010000111110001010101101100100001100011110000011110001001011101101100001100001010100001111001010
010000100011100101010101000100001100000101101010101010010001010001000001111101000010110001100101111010001101110110011001010000011011100110010111000110100001011111100110110110001110001100001000000111100011000110101011010011001100100110010100000010101110001101000000010101111101101101100100101101001101010101100111111000100100111010010110101110011110000011100111011110110001010000001001
010010001111000001000100000000000111111011101110101100000001110001110100000010011111010000100110110000110110000000111100000110100011001011010001001000001001000100000000000100101001011010001110110110101001010011011110100100100001101001110100001000100111100011101110100110111001000010111100010100010000010010100110011101111010100110110100010011010000101001100101100000001111001000010100
110000010111000000000000011100001110001110011001011110001011100001001110111111011000101011100001000101011100110000111101111111110111010000101101101101000100000101000010000100010110010011110100111001100011100111010000101010000101010110110110101000000000111001100001001001010011110011001110110011010111101000010010001001111100001000000010100100110000100010010010001101100010110100100100
101001011100011010010011010011100100010100011001001011000111100111000000001110010011001000000001101010101000110001100010001011110001001011100000110101000100010010000010010011011101001000101000100011110110001111000100011001001110000001001110000001101101110010010111111011000110100010101001100000000010100100110101111110100100100001001000000000010001111000101010100110001000100010000000
011000101101001010001010101001101001100000010110100000000000101000011111000000011000000111111000100001010000011101000010000101011000100101100000111111000111111000110110111010010010011111010011011000101101001010001010010110010110011111101001100000000000101000011111000000011000000111111000100001010000011101000010000101011000100101100000000000111000000111001001000101101101100000101100
000011100111010101100000111110111110111000011010000001110101111111001101101010100000111100100100000100000111000011111001001000111011011000000011110001100111011000000010101000101111001101000000010010010100101101010010101111001101000000101000101111111001111000000000000100101100111011101001101010001011000100110100011001001000100000110001100000010100100000110000000110100011001010001101
001111100100000000100100100000001001001000111001011110011101100000001000001001001000100101100001111011101100001100110000000111111011110001011111110100001000111010001001011001110010001001010001110011000101110010100011100011010111000101000001100010111100010010001111110101101001010111100110111000110010000001001000000100100101111100100111001000101001001000001110011010101100000100101001
000010111000000010100000101011101101101110100111100110000110110010100001011001111010000101010000000100011100001000111011011000110101010100010010110001101111011000100001100000100001000000010011110010000000000001000011100100101010010010111011010110111110110001000010101001000010000110110011110100100100001011011000101000001101010111110001111110101000100100111101010000011001000011110000
001100110001000010110011100101000010110010101001010100110000011100010000110100000111010010010001110100011010110011110000000111010111001000000000001001101100101100111111001001001000001101001111001100110001111101001100100101000010001101010110101011001111011100010000001011111000010010010001001011100101110011110000111000101000001000000000001001101100010011000000001001001000110010110000
100010100000111000111100011101001010000010100110001000000001010000111011100001001001010000111110000011011000100100111111011001100101111100011110101011001001000100011100111111101101000010010011110101100000100100111101001010001010011110100111011111000001001100111010001001110110110011000000101011100111000111000001001110100101100000011111111100001001011000011101010111010010100001101101
101001011110011010101011000010110111010000110001000101100110011000010000110000010110010011101101000010001100111100110100100010000010111101110011010100111001000011001100011011011011001000100000111101000000001011010010101001010110111110110111010001111000001001101001100100001000000010010100101001101101010010110010001001100011010011110101000000100111010010110101110000111010100110100110
000000001100101010001110110000100000110001001111111000000011101000001110111001111110000011001110110001100000101010000001010010101010000010010001111101000111010100001100001111001100011100100000001100010101100100010101000011000110000000101011110100011010100110010101110101100111001101010101000010000110011011100101011110110011001100001010110001011110011010010111000011010101010010111011
011110010000011000110111111001100001011000100010100010000101000001010110011011101101101010111110001101100001011010001111011001101000111101010100000001111100010100010011110011111110010100101111101011000101110010011111001100110100110010001010010111010000101011111110010001000111111111101001000111001011001111011000010011000010101000000011001011010110000001000100111001010100000001111000
000111001010100110111001011011001000000111000000111000011010111001001100010110010110010101100000100011000100001110100110011000001101011010100010101000011111001001001000001000100000000101010100111000110101011001000110100100110111111000111111000111100101000110110011010110010110010101100000011100111011110001011001100111110010100101011101101000011111001001001000001000100000000101010100
010111101101000100100000100110000011100010001110000111100001011001100111001100101101100110001101111101000100000011001010001111001111100001000101010001110010011100011101110001000010000011011000000110011110111100010010110111110000011010111100010110010010100001010101100010100001100001000000101100110111111011111000100001000011100110001000111111111110011011010000100000110001111011101010
101111010011111100110000110001101101001001001000011110000101000110111010000111110100100000011010001001110110011000110000010000110000100110110011101100010001010111000111010100000110110001111000101001100000011000000011001000100001010010000100011000110110100010001001111110111000111011010110110000111010000011111100010110000011000010000000010101011101001100001011010010110101010101001011
011001101010000110000101100010000000110111011010100011000010001110100011000001001111010101010001011110101000100111000110111111010000010011111100111110010101100111100100101010111011100010100010100011111000010000110001100111101101011110010001011001010000011000010111000100100010111100011010011011000101001110001101000101000010000101001000000100000111110001010000010000101001110100010110
000000000111000101000001100101000001001000000010001101111011100101101100010101101011000000000111010100111100101101100111100000110111110111011100100000110000101101101100011001010010000101011010100010010010110011101000111000101011000001010100010000010001101100111010001000000001001001010001001001010110100100110001000010100010000001110101000010100101011011000101000100111000001100001100
101110010100000001101001111100101000101011011101110101101110110010000010010010101000000001101001100100110001100010001000101110000110110001000001100110100000011011010100000011001011001001011010000110101011011101101000101011101000001000100011100010101110010001111100111010010111011101101000001100001110111110001001111001000110010010111111110001100000111000101010101011110100010101011011
