Z checks
111111111111111111111111000000000000000000000000000000000000000000000000000000000000000000000000000000000000000000000000000000000000000000000000000000000000000000000000000000000000000000000000000000000000000000000000000000000000000000000000000000000000000000000000000000000000000000000000000000000000000000000000000000000000000000000000000000000000000000000000000000000000000000000000
000000000000000000000000111111111111111111111111000000000000000000000000000000000000000000000000000000000000000000000000000000000000000000000000000000000000000000000000000000000000000000000000000000000000000000000000000000000000000000000000000000000000000000000000000000000000000000000000000000000000000000000000000000000000000000000000000000000000000000000000000000000000000000000000
000000000000000000000000000000000000000000000000111111111111111111111111000000000000000000000000000000000000000000000000000000000000000000000000000000000000000000000000000000000000000000000000000000000000000000000000000000000000000000000000000000000000000000000000000000000000000000000000000000000000000000000000000000000000000000000000000000000000000000000000000000000000000000000000
000000000000000000000000000000000000000000000000000000000000000000000000111111111111111111111111000000000000000000000000000000000000000000000000000000000000000000000000000000000000000000000000000000000000000000000000000000000000000000000000000000000000000000000000000000000000000000000000000000000000000000000000000000000000000000000000000000000000000000000000000000000000000000000000
000000000000000000000000000000000000000000000000000000000000000000000000000000000000000000000000111111111111111111111111000000000000000000000000000000000000000000000000000000000000000000000000000000000000000000000000000000000000000000000000000000000000000000000000000000000000000000000000000000000000000000000000000000000000000000000000000000000000000000000000000000000000000000000000
000000000000000000000000000000000000000000000000000000000000000000000000000000000000000000000000000000000000000000000000111111111111111111111111000000000000000000000000000000000000000000000000000000000000000000000000000000000000000000000000000000000000000000000000000000000000000000000000000000000000000000000000000000000000000000000000000000000000000000000000000000000000000000000000
000000000000000000000000000000000000000000000000000000000000000000000000000000000000000000000000000000000000000000000000000000000000000000000000111111111111111111111111000000000000000000000000000000000000000000000000000000000000000000000000000000000000000000000000000000000000000000000000000000000000000000000000000000000000000000000000000000000000000000000000000000000000000000000000
000000000000000000000000000000000000000000000000000000000000000000000000000000000000000000000000000000000000000000000000000000000000000000000000000000000000000000000000111111111111111111111111000000000000000000000000000000000000000000000000000000000000000000000000000000000000000000000000000000000000000000000000000000000000000000000000000000000000000000000000000000000000000000000000
000000000000000000000000000000000000000000000000000000000000000000000000000000000000000000000000000000000000000000000000000000000000000000000000000000000000000000000000000000000000000000000000111111111111111111111111000000000000000000000000000000000000000000000000000000000000000000000000000000000000000000000000000000000000000000000000000000000000000000000000000000000000000000000000
000000000000000000000000000000000000000000000000000000000000000000000000000000000000000000000000000000000000000000000000000000000000000000000000000000000000000000000000000000000000000000000000000000000000000000000000111111111111111111111111000000000000000000000000000000000000000000000000000000000000000000000000000000000000000000000000000000000000000000000000000000000000000000000000
000000000000000000000000000000000000000000000000000000000000000000000000000000000000000000000000000000000000000000000000000000000000000000000000000000000000000000000000000000000000000000000000000000000000000000000000000000000000000000000000111111111111111111111111000000000000000000000000000000000000000000000000000000000000000000000000000000000000000000000000000000000000000000000000
000000000000000000000000000000000000000000000000000000000000000000000000000000000000000000000000000000000000000000000000000000000000000000000000000000000000000000000000000000000000000000000000000000000000000000000000000000000000000000000000000000000000000000000000111111111111111111111111000000000000000000000000000000000000000000000000000000000000000000000000000000000000000000000000
000000000000000000000000000000000000000000000000000000000000000000000000000000000000000000000000000000000000000000000000000000000000000000000000000000000000000000000000000000000000000000000000000000000000000000000000000000000000000000000000000000000000000000000000000000000000000000000000111111111111111111111111000000000000000000000000000000000000000000000000000000000000000000000000
000000000000000000000000000000000000000000000000000000000000000000000000000000000000000000000000000000000000000000000000000000000000000000000000000000000000000000000000000000000000000000000000000000000000000000000000000000000000000000000000000000000000000000000000000000000000000000000000000000000000000000000000111111111111111111111111000000000000000000000000000000000000000000000000
000000000000000000000000000000000000000000000000000000000000000000000000000000000000000000000000000000000000000000000000000000000000000000000000000000000000000000000000000000000000000000000000000000000000000000000000000000000000000000000000000000000000000000000000000000000000000000000000000000000000000000000000000000000000000000000000111111111111111111111111000000000000000000000000
000000000000000000000000000000000000000000000000000000000000000000000000000000000000000000000000000000000000000000000000000000000000000000000000000000000000000000000000000000000000000000000000000000000000000000000000000000000000000000000000000000000000000000000000000000000000000000000000000000000000000000000000000000000000000000000000000000000000000000000000111111111111111111111111
011111111111000000000001011111111111000000000001011111111111000000000001011111111111000000000001011111111111000000000001011111111111000000000001011111111111000000000001011111111111000000000001000000000000000000000000000000000000000000000000000000000000000000000000000000000000000000000000000000000000000000000000000000000000000000000000000000000000000000000000000000000000000000000000
001100011001110001100100001100011001110001100100001100011001110001100100001100011001110001100100001100011001110001100100001100011001110001100100001100011001110001100100001100011001110001100100000000000000000000000000000000000000000000000000000000000000000000000000000000000000000000000000000000000000000000000000000000000000000000000000000000000000000000000000000000000000000000000000
000100100110010010011011000100100110010010011011000100100110010010011011000100100110010010011011000100100110010010011011000100100110010010011011000100100110010010011011000100100110010010011011000000000000000000000000000000000000000000000000000000000000000000000000000000000000000000000000000000000000000000000000000000000000000000000000000000000000000000000000000000000000000000000000
000010010101001001010111000010010101001001010111000010010101001001010111000010010101001001010111000010010101001001010111000010010101001001010111000010010101001001010111000010010101001001010111000000000000000000000000000000000000000000000000000000000000000000000000000000000000000000000000000000000000000000000000000000000000000000000000000000000000000000000000000000000000000000000000
000001001011000100101111000001001011000100101111000001001011000100101111000001001011000100101111000001001011000100101111000001001011000100101111000001001011000100101111000001001011000100101111000000000000000000000000000000000000000000000000000000000000000000000000000000000000000000000000000000000000000000000000000000000000000000000000000000000000000000000000000000000000000000000000
000000000000000000000000000000000000000000000000000000000000000000000000000000000000000000000000000000000000000000000000000000000000000000000000000000000000000000000000000000000000000000000000011111111111000000000001011111111111000000000001011111111111000000000001011111111111000000000001011111111111000000000001011111111111000000000001011111111111000000000001011111111111000000000001
000000000000000000000000000000000000000000000000000000000000000000000000000000000000000000000000000000000000000000000000000000000000000000000000000000000000000000000000000000000000000000000000001100011001110001100100001100011001110001100100001100011001110001100100001100011001110001100100001100011001110001100100001100011001110001100100001100011001110001100100001100011001110001100100
000000000000000000000000000000000000000000000000000000000000000000000000000000000000000000000000000000000000000000000000000000000000000000000000000000000000000000000000000000000000000000000000000100100110010010011011000100100110010010011011000100100110010010011011000100100110010010011011000100100110010010011011000100100110010010011011000100100110010010011011000100100110010010011011
000000000000000000000000000000000000000000000000000000000000000000000000000000000000000000000000000000000000000000000000000000000000000000000000000000000000000000000000000000000000000000000000000010010101001001010111000010010101001001010111000010010101001001010111000010010101001001010111000010010101001001010111000010010101001001010111000010010101001001010111000010010101001001010111
000000000000000000000000000000000000000000000000000000000000000000000000000000000000000000000000000000000000000000000000000000000000000000000000000000000000000000000000000000000000000000000000000001001011000100101111000001001011000100101111000001001011000100101111000001001011000100101111000001001011000100101111000001001011000100101111000001001011000100101111000001001011000100101111
110010010010100011000000001110010010011000110100111001110001110110011010110101011101000010011010100101101101001100111000111100110101011011111010011111001000101110000000001101001110001011100000110010010010100011000000001110010010011000110100111001110001110110011010110101011101000010011010100101101101001100111000111100110101011011111010011111001000101110000000001101001110001011100000
010000110010000101011000110110000000011101011000100000011110101111011110100001110100000011010110110100010001001001101010011100110110111011110000011111010111111010110100111000010100001011000000010000110010000101011000110110000000011101011000100000011110101111011110100001110100000011010110110100010001001001101010011100110110111011110000011111010111111010110100111000010100001011000000
111101000100110010001000111011101000111010001110001010101010000011111110000111111101001001111100100010010000000010011000011100001010001001001110110111111010101111001100111011110101001000000000111101000100110010001000111011101000111010001110001010101010000011111110000111111101001001111100100010010000000010011000011100001010001001001110110111111010101111001100111011110101001000000000
100100010000101000011010111110011100101110101110010011110100110110010010011111101101010110110110101011101110010011000100011000000000101111101010010010000110011111010110010011100000100001000000100100010000101000011010111110011100101110101110010011110100110110010010011111101101010110110110101011101110010011000100011000000000101111101010010010000110011111010110010011100000100001000000
110000100101101110000010010011110110010111011100101001111010000100101000001111001001001000101010100100000111111111111110011001001000110100000010101000000111011010111100011001111111000001000000110000100101101110000010010011110110010111011100101001111010000100101000001111001001001000101010100100000111111111111110011001001000110100000010101000000111011010111100011001111111000001000000
010100100101111010011010100101011110111011101000101000010110001100100110011101000001000011000010010010110000110010011010100111001110010011011110011001010001100010101100110101001100001000100000010100100101111010011010100101011110111011101000101000010110001100100110011101000001000011000010010010110000110010011010100111001110010011011110011001010001100010101100110101001100001000100000
000110101011101110001010001000111010011010111010010011000001001001110110100110110010011011000110100101000110001111000100101100100110011110111010010100000000101100011010111110001101010011100000000110101011101110001010001000111010011010111010010011000001001001110110100110110010011011000110100101000110001111000100101100100110011110111010010100000000101100011010111110001101010011100000
011001110000000111011000011100110101000110111110111100100001011011110000100011100011101101100100110011110100011011010000110001101010100001001100101011011011010011000100011100100111011011100000011001110000000111011000011100110101000110111110111100100001011011110000100011100011101101100100110011110100011011010000110001101010100001001100101011011011010011000100011100100111011011100000
010001000011101011000000100000010101001100110000111101111110110001110010100110110110001000000110110100111000010010101000111011001110101001101010101000001101100001110100101110010010001000100000010001000011101011000000100000010101001100110000111101111110110001110010100110110110001000000110110100111000010010101000111011001110101001101010101000001101100001110100101110010010001000100000
010100000010101100010010111100000010001011010100110111001010010111010000011010010000101100010000000110100110110010110110001101100111101100100010011011000100010010010000111111110110011011000000010100000010101100010010111100000010001011010100110111001010010111010000011010010000101100010000000110100110110010110110001101100111101100100010011011000100010010010000111111110110011011000000
001100111101001111000010001011001111111001000100111010101100110101001000000000110010111101010100011001011110100110100100010011001001100011111100010110101100011101010100010010110101100001000000001100111101001111000010001011001111111001000100111010101100110101001000000000110010111101010100011001011110100110100100010011001001100011111100010110101100011101010100010010110101100001000000
100101101000100111011010010010101101101111111000111111110101100010111010100101100100111011011000111110101010101010100110000010110000010101010010011010101010100001011110110110100000010011000000100101101000100111011010010010101101101111111000111111110101100010111010100101100100111011011000111110101010101010100110000010110000010101010010011010101010100001011110110110100000010011000000
011001011001010010110000100111110101110101001100010001011100111010101010010101111000001110010000101000000111111010001000110010011000110011110100111111101111110000101100011001010101110011000000011001011001010010110000100111110101110101001100010001011100111010101010010101111000001110010000101000000111111010001000110010011000110011110100111111101111110000101100011001010101110011000000
010001111011000011000010100100011110111101000010010010011000111011100110001000010001110111111010010010111111110110111100010000000000001110011000001010010110101011010000010000100011100000100000010001111011000011000010100100011110111101000010010010011000111011100110001000010001110111111010010010111111110110111100010000000000001110011000001010010110101011010000010000100011100000100000
111001100100110100001000011011110001010101010010100111110100100011101110010100110100000101001110111001000111111011111010101100101011110011101010111010100111110110011000111101011000000010000000111001100100110100001000011011110001010101010010100111110100100011101110010100110100000101001110111001000111111011111010101100101011110011101010111010100111110110011000111101011000000010000000
000000100001111001011110011110001110011101110100011011100111101001110100100110000001100100101000101101101110110100100110111001101100100000101000101110001110101111111010001111101100000011100000000000100001111001011110011110001110011101110100011011100111101001110100100110000001100100101000101101101110110100100110111001101100100000101000101110001110101111111010001111101100000011100000
101010100110101100011010001011110001111010100010010111101011111010011000010100100110000100000000100100111001110110111100110101110110011011110110100101000101110101110010001011111000111000100000101010100110101100011010001011110001111010100010010111101011111010011000010100100110000100000000100100111001110110111100110101110110011011110110100101000101110101110010001011111000111000100000
100001101110011000001010011101100010010010010100100111010011010110111010001100100100111101111000000101101101111001000000001111011001110110001000011001001001000100010010001001101010001011000000100001101110011000001010011101100010010010010100100111010011010110111010001100100100111101111000000101101101111001000000001111011001110110001000011001001001000100010010001001101010001011000000
111111011111101110010000110110001010011001010000010110111101011000011000100100000011110101010010111110110001100011010110001011001000100101100110110100010110100111110110100101101011011001000000111111011111101110010000110110001010011001010000010110111101011000011000100100000011110101010010111110110001100011010110001011001000100101100110110100010110100111110110100101101011011001000000
101100000111001101001000100000101101000001111010010111011001001101100100000011110010100010010110110011010011011101101010000101010000000111000110111110001101011000110110000100010111011011100000101100000111001101001000100000101101000001111010010111011001001101100100000011110010100010010110110011010011011101101010000101010000000111000110111110001101011000110110000100010111011011100000
101010010000010110000010011100011000010000010100010001001111110110000110000000011011100110100000101000110111010010010000110000100111111011111000111101000000101101011010101100101011010011000000101010010000010110000010011100011000010000010100010001001111110110000110000000011011100110100000101000110111010010010000110000100111111011111000111101000000101101011010101100101011010011000000
100001100001000000001010101001001000001111101110011111010010000001100010011010111011100001011000100000011100010000000100010100011011110000000110001001011000000110101000010110111010001011000000100001100001000000001010101001001000001111101110011111010010000001100010011010111011100001011000100000011100010000000100010100011011110000000110001001011000000110101000010110111010001011000000
000110000101101010001000100100001110100011111010010111111001100000110100111101011010100001100010110001100001101001110000011100010100011110111000100011000001100011101010011000110111100011000000000110000101101010001000100100001110100011111010010111111001100000110100111101011010100001100010110001100001101001110000011100010100011110111000100011000001100011101010011000110111100011000000
001001101100101101001000111010100010011100011100100000010001110001100100010010110011110110100010010100010001001110010110011010010010111011000000010110100100011101000010111101011100000011000000001001101100101101001000111010100010011100011100100000010001110001100100010010110011110110100010010100010001001110010110011010010010111011000000010110100100011101000010111101011100000011000000

X checks
111111111111111111111111000000000000000000000000000000000000000000000000000000000000000000000000000000000000000000000000000000000000000000000000000000000000000000000000000000000000000000000000000000000000000000000000000000000000000000000000000000000000000000000000000000000000000000000000000000000000000000000000000000000000000000000000000000000000000000000000000000000000000000000000
000000000000000000000000111111111111111111111111000000000000000000000000000000000000000000000000000000000000000000000000000000000000000000000000000000000000000000000000000000000000000000000000000000000000000000000000000000000000000000000000000000000000000000000000000000000000000000000000000000000000000000000000000000000000000000000000000000000000000000000000000000000000000000000000
000000000000000000000000000000000000000000000000111111111111111111111111000000000000000000000000000000000000000000000000000000000000000000000000000000000000000000000000000000000000000000000000000000000000000000000000000000000000000000000000000000000000000000000000000000000000000000000000000000000000000000000000000000000000000000000000000000000000000000000000000000000000000000000000
000000000000000000000000000000000000000000000000000000000000000000000000111111111111111111111111000000000000000000000000000000000000000000000000000000000000000000000000000000000000000000000000000000000000000000000000000000000000000000000000000000000000000000000000000000000000000000000000000000000000000000000000000000000000000000000000000000000000000000000000000000000000000000000000
000000000000000000000000000000000000000000000000000000000000000000000000000000000000000000000000111111111111111111111111000000000000000000000000000000000000000000000000000000000000000000000000000000000000000000000000000000000000000000000000000000000000000000000000000000000000000000000000000000000000000000000000000000000000000000000000000000000000000000000000000000000000000000000000
000000000000000000000000000000000000000000000000000000000000000000000000000000000000000000000000000000000000000000000000111111111111111111111111000000000000000000000000000000000000000000000000000000000000000000000000000000000000000000000000000000000000000000000000000000000000000000000000000000000000000000000000000000000000000000000000000000000000000000000000000000000000000000000000
000000000000000000000000000000000000000000000000000000000000000000000000000000000000000000000000000000000000000000000000000000000000000000000000111111111111111111111111000000000000000000000000000000000000000000000000000000000000000000000000000000000000000000000000000000000000000000000000000000000000000000000000000000000000000000000000000000000000000000000000000000000000000000000000
000000000000000000000000000000000000000000000000000000000000000000000000000000000000000000000000000000000000000000000000000000000000000000000000000000000000000000000000111111111111111111111111000000000000000000000000000000000000000000000000000000000000000000000000000000000000000000000000000000000000000000000000000000000000000000000000000000000000000000000000000000000000000000000000
000000000000000000000000000000000000000000000000000000000000000000000000000000000000000000000000000000000000000000000000000000000000000000000000000000000000000000000000000000000000000000000000111111111111111111111111000000000000000000000000000000000000000000000000000000000000000000000000000000000000000000000000000000000000000000000000000000000000000000000000000000000000000000000000
000000000000000000000000000000000000000000000000000000000000000000000000000000000000000000000000000000000000000000000000000000000000000000000000000000000000000000000000000000000000000000000000000000000000000000000000111111111111111111111111000000000000000000000000000000000000000000000000000000000000000000000000000000000000000000000000000000000000000000000000000000000000000000000000
000000000000000000000000000000000000000000000000000000000000000000000000000000000000000000000000000000000000000000000000000000000000000000000000000000000000000000000000000000000000000000000000000000000000000000000000000000000000000000000000111111111111111111111111000000000000000000000000000000000000000000000000000000000000000000000000000000000000000000000000000000000000000000000000
000000000000000000000000000000000000000000000000000000000000000000000000000000000000000000000000000000000000000000000000000000000000000000000000000000000000000000000000000000000000000000000000000000000000000000000000000000000000000000000000000000000000000000000000111111111111111111111111000000000000000000000000000000000000000000000000000000000000000000000000000000000000000000000000
000000000000000000000000000000000000000000000000000000000000000000000000000000000000000000000000000000000000000000000000000000000000000000000000000000000000000000000000000000000000000000000000000000000000000000000000000000000000000000000000000000000000000000000000000000000000000000000000111111111111111111111111000000000000000000000000000000000000000000000000000000000000000000000000
000000000000000000000000000000000000000000000000000000000000000000000000000000000000000000000000000000000000000000000000000000000000000000000000000000000000000000000000000000000000000000000000000000000000000000000000000000000000000000000000000000000000000000000000000000000000000000000000000000000000000000000000111111111111111111111111000000000000000000000000000000000000000000000000
000000000000000000000000000000000000000000000000000000000000000000000000000000000000000000000000000000000000000000000000000000000000000000000000000000000000000000000000000000000000000000000000000000000000000000000000000000000000000000000000000000000000000000000000000000000000000000000000000000000000000000000000000000000000000000000000111111111111111111111111000000000000000000000000
000000000000000000000000000000000000000000000000000000000000000000000000000000000000000000000000000000000000000000000000000000000000000000000000000000000000000000000000000000000000000000000000000000000000000000000000000000000000000000000000000000000000000000000000000000000000000000000000000000000000000000000000000000000000000000000000000000000000000000000000111111111111111111111111
111111111111000000000000111111111111000000000000111111111111000000000000111111111111000000000000111111111111000000000000111111111111000000000000111111111111000000000000111111111111000000000000000000000000000000000000000000000000000000000000000000000000000000000000000000000000000000000000000000000000000000000000000000000000000000000000000000000000000000000000000000000000000000000000
001100011001110001100100001100011001110001100100001100011001110001100100001100011001110001100100001100011001110001100100001100011001110001100100001100011001110001100100001100011001110001100100000000000000000000000000000000000000000000000000000000000000000000000000000000000000000000000000000000000000000000000000000000000000000000000000000000000000000000000000000000000000000000000000
100100100110010010011010100100100110010010011010100100100110010010011010100100100110010010011010100100100110010010011010100100100110010010011010100100100110010010011010100100100110010010011010000000000000000000000000000000000000000000000000000000000000000000000000000000000000000000000000000000000000000000000000000000000000000000000000000000000000000000000000000000000000000000000000
100010010101001001010110100010010101001001010110100010010101001001010110100010010101001001010110100010010101001001010110100010010101001001010110100010010101001001010110100010010101001001010110000000000000000000000000000000000000000000000000000000000000000000000000000000000000000000000000000000000000000000000000000000000000000000000000000000000000000000000000000000000000000000000000
100001001011000100101110100001001011000100101110100001001011000100101110100001001011000100101110100001001011000100101110100001001011000100101110100001001011000100101110100001001011000100101110000000000000000000000000000000000000000000000000000000000000000000000000000000000000000000000000000000000000000000000000000000000000000000000000000000000000000000000000000000000000000000000000
000000000000000000000000000000000000000000000000000000000000000000000000000000000000000000000000000000000000000000000000000000000000000000000000000000000000000000000000000000000000000000000000111111111111000000000000111111111111000000000000111111111111000000000000111111111111000000000000111111111111000000000000111111111111000000000000111111111111000000000000111111111111000000000000
000000000000000000000000000000000000000000000000000000000000000000000000000000000000000000000000000000000000000000000000000000000000000000000000000000000000000000000000000000000000000000000000001100011001110001100100001100011001110001100100001100011001110001100100001100011001110001100100001100011001110001100100001100011001110001100100001100011001110001100100001100011001110001100100
000000000000000000000000000000000000000000000000000000000000000000000000000000000000000000000000000000000000000000000000000000000000000000000000000000000000000000000000000000000000000000000000100100100110010010011010100100100110010010011010100100100110010010011010100100100110010010011010100100100110010010011010100100100110010010011010100100100110010010011010100100100110010010011010
000000000000000000000000000000000000000000000000000000000000000000000000000000000000000000000000000000000000000000000000000000000000000000000000000000000000000000000000000000000000000000000000100010010101001001010110100010010101001001010110100010010101001001010110100010010101001001010110100010010101001001010110100010010101001001010110100010010101001001010110100010010101001001010110
000000000000000000000000000000000000000000000000000000000000000000000000000000000000000000000000000000000000000000000000000000000000000000000000000000000000000000000000000000000000000000000000100001001011000100101110100001001011000100101110100001001011000100101110100001001011000100101110100001001011000100101110100001001011000100101110100001001011000100101110100001001011000100101110
110101000111101001101000111011000111110010011100010011011011100011001100011111110111010111001100001111000111011001101110010110011111001110101100101010011101000100101000000111100100011110100000110101000111101001101000111011000111110010011100010011011011100011001100011111110111010111001100001111000111011001101110010110011111001110101100101010011101000100101000000111100100011110100000
011110000110111110001000001000110100100110001000011110101010010100001110011111000000111000000110001010100101110010111010111101111101111111011110111110011100111110011010000110100000110100000000011110000110111110001000001000110100100110001000011110101010010100001110011111000000111000000110001010100101110010111010111101111101111111011110111110011100111110011010000110100000110100000000
110010100010011100010010101000001110110100010100000110110011110010011010001011100100111000011000110001110110001100000010010000010011111000101010100100011100100001010110010111101100111001100000110010100010011100010010101000001110110100010100000110110011110010011010001011100100111000011000110001110110001100000010010000010011111000101010100100011100100001010110010111101100111001100000
111010000010100001010000100100001110000111100100010110011001100000100110011010000000000000000010110001111100111010001110011101101101111001011110010111101011001001100010101001110010001100000000111010000010100001010000100100001110000111100100010110011001100000100110011010000000000000000010110001111100111010001110011101101101111001011110010111101011001001100010101001110010001100000000
010001010110001001001110111101111010101111101110011000001001000011100100100001000101110000011000010101110100111000110010110111000100001100110000011001110100011101110000001000001100000010000000010001010110001001001110111101111010101111101110011000001001000011100100100001000101110000011000010101110100111000110010110111000100001100110000011001110100011101110000001000001100000010000000
011011111100110111111110011110000111010110001100010011001111100001000010111001100111010001011000110110010110100000000000011100010111111110111010111101110111110000110110110001101010011010100000011011111100110111111110011110000111010110001100010011001111100001000010111001100111010001011000110110010110100000000000011100010111111110111010111101110111110000110110110001101010011010100000
001001011111010110100100111110110001111101101010100101001010101110100110001111000110000011101000001100110010010111101010000101010010000110010100100010001011001011001010101000000110110100100000001001011111010110100100111110110001111101101010100101001010101110100110001111000110000011101000001100110010010111101010000101010010000110010100100010001011001011001010101000000110110100100000
100000111011000011110110111101111110000010010000000010010101100000100000011101010111010110110100001101000000100000000000001111011110011010011100010101101111101000010100111101101100011011000000100000111011000011110110111101111110000010010000000010010101100000100000011101010111010110110100001101000000100000000000001111011110011010011100010101101111101000010100111101101100011011000000
111000001111010000001100000110100110101000000010011011001101010101000000000000000101101100110100010010001011110110011010011101111101001101011000001110111110000101000110110111011110010111100000111000001111010000001100000110100110101000000010011011001101010101000000000000000101101100110100010010001011110110011010011101111101001101011000001110111110000101000110110111011110010111100000
011011011011100001110110000111011011100110110000001100010011111010110100111110110110111110001010100010000000100000101100101001000001111110111000111111100010000000001010111011010000001001000000011011011011100001110110000111011011100110110000001100010011111010110100111110110110111110001010100010000000100000101100101001000001111110111000111111100010000000001010111011010000001001000000
110101101000100101101010111110011010010011101100010000000110100000011110110101100111010111111100101100001011001100001100100110011100001001010100100011111001110111111100100111100000001111100000110101101000100101101010111110011010010011101100010000000110100000011110110101100111010111111100101100001011001100001100100110011100001001010100100011111001110111111100100111100000001111100000
010011000101001101101110111111111111011010110010001101011000101000001110010111001001110001101100001100000111100000010010101111100010100000011000110111111000010100010100111011110010100010000000010011000101001101101110111111111111011010110010001101011000101000001110010111001001110001101100001100000111100000010010101111100010100000011000110111111000010100010100111011110010100010000000
100000010010010110011110011001000001001110011100110000010111111110000100110100110011001010111110010110110011000001011000001100101100001000100100000001011011001011111100111000011110110011100000100000010010010110011110011001000001001110011100110000010111111110000100110100110011001010111110010110110011000001011000001100101100001000100100000001011011001011111100111000011110110011100000
001000001111011011101100001101101010100101101100100100010011011100110110111110011010010000101010100100110100010001101100100110001011101001001000111100011101001100000000100110101000000011100000001000001111011011101100001101101010100101101100100100010011011100110110111110011010010000101010100100110100010001101100100110001011101001001000111100011101001100000000100110101000000011100000
101111101000101100111010110101111101101101100000010110000111100100100010111010111000111101111100001000110100111100110110011101011000110100100110001011010100110001010100110011010100111110100000101111101000101100111010110101111101101101100000010110000111100100100010111010111000111101111100001000110100111100110110011101011000110100100110001011010100110001010100110011010100111110100000
100111011001111001000010000110001001000010010110000011100000110110010110100001111001000100110100101010010110010100111010111110010100000000110100101001110110001111100110101000010100100011100000100111011001111001000010000110001001000010010110000011100000110110010110100001111001000100110100101010010110010100111010111110010100000000110100101001110110001111100110101000010100100011100000
101011000111100010011100100000010000010100100100111100001010010100011110111111000111101010000110010000100111100111000100000001101000001010001110010001011011100100001010011111100110101101000000101011000111100010011100100000010000010100100100111100001010010100011110111111000111101010000110010000100111100111000100000001101000001010001110010001011011100100001010011111100110101101000000
111110010001100111110100011101100010010010010100111000101100101001000100001100100100111101111000000101101101111001000000001111011001110110001000011001001001000100010010001001101010001011000000111110010001100111110100011101100010010010010100111000101100101001000100001100100100111101111000000101101101111001000000001111011001110110001000011001001001000100010010001001101010001011000000
101001100000101101101110000001001010000101010000111110000010111011100110010011000011101001010010001001110001111111010110100011110111000110011000000011010110111011110110101101010100111110100000101001100000101101101110000001001010000101010000111110000010111011100110010011000011101001010010001001110001111111010110100011110111000110011000000011010110111011110110101101010100111110100000
001010101101011000011110001010000111010100101100100010001100100111001100110110100111001000111110011001111001001000111100110000000101101101101110010100100111001101100000110001000010110101000000001010101101011000011110001010000111010100101100100010001100100111001100110110100111001000111110011001111001001000111100110000000101101101101110010100100111001101100000110001000010110101000000
011011001001111011100110111000111110000010001110110101101001100100011100100100111101110100111010010011101110111111110100001011111110010110011100000110011001000000111110010111110010111010100000011011001001111011100110111000111110000010001110110101101001100100011100100100111101110100111010010011101110111111110100001011111110010110011100000110011001000000111110010111110010111010100000
111110011110111111110100110110110111110000010000011111010010000001100010011010111011100001011000111111100011101111111010010100011011110000000110001001011000000110101000010110111010001011000000111110011110111111110100110110110111110000010000011111010010000001100010011010111011100001011000111111100011101111111010010100011011110000000110001001011000000110101000010110111010001011000000
100001001110110001011000100101000101011000101010001001001101100100011010111100010001011010110010110000101010010010100000000010100000011010010110100010001010011000111010111001111100011000000000100001001110110001011000100101000101011000101010001001001101100100011010111100010001011010110010110000101010010010100000000010100000011010010110100010001010011000111010111001111100011000000000
100110010100010010101010000010100101111100000000011000010110010001111000110101001011101001000000110011101001010001110100111101101010100100100010110001011100000010100000111010100100011100100000100110010100010010101010000010100101111100000000011000010110010001111000110101001011101001000000110011101001010001110100111101101010100100100010110001011100000010100000111010100100011100100000
