Z checks
1111000000000000000000000000000000000000000000000000000000000000
0000111100000000000000000000000000000000000000000000000000000000
0000000011110000000000000000000000000000000000000000000000000000
0000000000001111000000000000000000000000000000000000000000000000
0000000000000000111100000000000000000000000000000000000000000000
0000000000000000000011110000000000000000000000000000000000000000
0000000000000000000000001111000000000000000000000000000000000000
0000000000000000000000000000111100000000000000000000000000000000
0000000000000000000000000000000011110000000000000000000000000000
0000000000000000000000000000000000001111000000000000000000000000
0000000000000000000000000000000000000000111100000000000000000000
0000000000000000000000000000000000000000000011110000000000000000
0000000000000000000000000000000000000000000000001111000000000000
0000000000000000000000000000000000000000000000000000111100000000
0000000000000000000000000000000000000000000000000000000011110000
0000000000000000000000000000000000000000000000000000000000001111
0101010101010101000000000000000000000000000000000000000000000000
0011001100110011000000000000000000000000000000000000000000000000
0000000000000000010101010101010100000000000000000000000000000000
0000000000000000001100110011001100000000000000000000000000000000
0000000000000000000000000000000001010101010101010000000000000000
0000000000000000000000000000000000110011001100110000000000000000
0000000000000000000000000000000000000000000000000101010101010101
0000000000000000000000000000000000000000000000000011001100110011
0000010100000101000001010000010100000101000001010000010100000101
0000000001010101000000000101010100000000010101010000000001010101
0000001100000011000000110000001100000011000000110000001100000011
0000000000110011000000000011001100000000001100110000000000110011

observable
1100110000000000110011000000000000000000000000000000000000000000

X checks
1111000000000000000000000000000000000000000000000000000000000000
0000111100000000000000000000000000000000000000000000000000000000
0000000011110000000000000000000000000000000000000000000000000000
0000000000001111000000000000000000000000000000000000000000000000
0000000000000000111100000000000000000000000000000000000000000000
0000000000000000000011110000000000000000000000000000000000000000
0000000000000000000000001111000000000000000000000000000000000000
0000000000000000000000000000111100000000000000000000000000000000
0000000000000000000000000000000011110000000000000000000000000000
0000000000000000000000000000000000001111000000000000000000000000
0000000000000000000000000000000000000000111100000000000000000000
0000000000000000000000000000000000000000000011110000000000000000
0000000000000000000000000000000000000000000000001111000000000000
0000000000000000000000000000000000000000000000000000111100000000
0000000000000000000000000000000000000000000000000000000011110000
0000000000000000000000000000000000000000000000000000000000001111
1100110011001100000000000000000000000000000000000000000000000000
1010101010101010000000000000000000000000000000000000000000000000
0000000000000000110011001100110000000000000000000000000000000000
0000000000000000101010101010101000000000000000000000000000000000
0000000000000000000000000000000011001100110011000000000000000000
0000000000000000000000000000000010101010101010100000000000000000
0000000000000000000000000000000000000000000000001100110011001100
0000000000000000000000000000000000000000000000001010101010101010
1100110000000000110011000000000011001100000000001100110000000000
1100000011000000110000001100000011000000110000001100000011000000
1010101000000000101010100000000010101010000000001010101000000000
1010000010100000101000001010000010100000101000001010000010100000


