Z checks
1111111111000000000000000000000000000000
0000000000111111111100000000000000000000
0000000000000000000011111111110000000000
0000000000000000000000000000001111111111
0101010010010101001001010100100101010010
0010101010001010101000101010100010101010
0001100110000110011000011001100001100110
0000111001000011100100001110010000111001


X checks
1111111111000000000000000000000000000000
0000000000111111111100000000000000000000
0000000000000000000011111111110000000000
0000000000000000000000000000001111111111
0101010010010101001001010100100101010010
0010101010001010101000101010100010101010
0001100110000110011000011001100001100110
1000111000100011100010001110001000111000

