Z checks
1111111111000000000000000000000000000000
0000000000111111111100000000000000000000
0000000000000000000011111111110000000000
0000000000000000000000000000001111111111
0110000000011000000001100000000110000000
0011000000001100000000110000000011000000
0001100000000110000000011000000001100000
0000110000000011000000001100000000110000
0000011000000001100000000110000000011000
0000001100000000110000000011000000001100
0000000110000000011000000001100000000110
0100000111010000011101000001110100000111

observable
1100000000110000000000000000000000000000


X checks
1111111111000000000000000000000000000000
0000000000111111111100000000000000000000
0000000000000000000011111111110000000000
0000000000000000000000000000001111111111
0110000000011000000001100000000110000000
0011000000001100000000110000000011000000
0001100000000110000000011000000001100000
0000110000000011000000001100000000110000
0000011000000001100000000110000000011000
0000001100000000110000000011000000001100
0000000110000000011000000001100000000110
0100000111010000011101000001110100000111
