Z checks
111111110000000000000000000000000000000000000000
000000001111111100000000000000000000000000000000
000000000000000011111111000000000000000000000000
000000000000000000000000111111110000000000000000
000000000000000000000000000000001111111100000000
000000000000000000000000000000000000000011111111
010011010100110101001101010011010100110101001101
001010110010101100101011001010110010101100101011
000101110001011100010111000101110001011100010111

observable
111010000000000000000000000000000000000000000000


X checks
111111110000000000000000000000000000000000000000
000000001111111100000000000000000000000000000000
000000000000000011111111000000000000000000000000
000000000000000000000000111111110000000000000000
000000000000000000000000000000001111111100000000
000000000000000000000000000000000000000011111111
101100101011001010110010101100101011001010110010
110101001101010011010100110101001101010011010100
111010001110100011101000111010001110100011101000

