Z checks
11111111111111110000000000000000000000000000000000000000000000000000000000000000000000000000000000000000000000000000000000000000000000000000000000000000000000000000000000000000000000000000000000000000000000000000000000000000000000000000000000000000000000000000000000000000000000000000000000000000000000000000000000000000000000000000000000000000000000000000000000000000000000000000000000000000000000000000000000000000000000000000000000000000000000000000000000000000000000000000000000000000000000000000000000000000
00000000000000001111111111111111000000000000000000000000000000000000000000000000000000000000000000000000000000000000000000000000000000000000000000000000000000000000000000000000000000000000000000000000000000000000000000000000000000000000000000000000000000000000000000000000000000000000000000000000000000000000000000000000000000000000000000000000000000000000000000000000000000000000000000000000000000000000000000000000000000000000000000000000000000000000000000000000000000000000000000000000000000000000000000000000
00000000000000000000000000000000111111111111111100000000000000000000000000000000000000000000000000000000000000000000000000000000000000000000000000000000000000000000000000000000000000000000000000000000000000000000000000000000000000000000000000000000000000000000000000000000000000000000000000000000000000000000000000000000000000000000000000000000000000000000000000000000000000000000000000000000000000000000000000000000000000000000000000000000000000000000000000000000000000000000000000000000000000000000000000000000
00000000000000000000000000000000000000000000000011111111111111110000000000000000000000000000000000000000000000000000000000000000000000000000000000000000000000000000000000000000000000000000000000000000000000000000000000000000000000000000000000000000000000000000000000000000000000000000000000000000000000000000000000000000000000000000000000000000000000000000000000000000000000000000000000000000000000000000000000000000000000000000000000000000000000000000000000000000000000000000000000000000000000000000000000000000
00000000000000000000000000000000000000000000000000000000000000001111111111111111000000000000000000000000000000000000000000000000000000000000000000000000000000000000000000000000000000000000000000000000000000000000000000000000000000000000000000000000000000000000000000000000000000000000000000000000000000000000000000000000000000000000000000000000000000000000000000000000000000000000000000000000000000000000000000000000000000000000000000000000000000000000000000000000000000000000000000000000000000000000000000000000
00000000000000000000000000000000000000000000000000000000000000000000000000000000111111111111111100000000000000000000000000000000000000000000000000000000000000000000000000000000000000000000000000000000000000000000000000000000000000000000000000000000000000000000000000000000000000000000000000000000000000000000000000000000000000000000000000000000000000000000000000000000000000000000000000000000000000000000000000000000000000000000000000000000000000000000000000000000000000000000000000000000000000000000000000000000
00000000000000000000000000000000000000000000000000000000000000000000000000000000000000000000000011111111111111110000000000000000000000000000000000000000000000000000000000000000000000000000000000000000000000000000000000000000000000000000000000000000000000000000000000000000000000000000000000000000000000000000000000000000000000000000000000000000000000000000000000000000000000000000000000000000000000000000000000000000000000000000000000000000000000000000000000000000000000000000000000000000000000000000000000000000
00000000000000000000000000000000000000000000000000000000000000000000000000000000000000000000000000000000000000001111111111111111000000000000000000000000000000000000000000000000000000000000000000000000000000000000000000000000000000000000000000000000000000000000000000000000000000000000000000000000000000000000000000000000000000000000000000000000000000000000000000000000000000000000000000000000000000000000000000000000000000000000000000000000000000000000000000000000000000000000000000000000000000000000000000000000
00000000000000000000000000000000000000000000000000000000000000000000000000000000000000000000000000000000000000000000000000000000111111111111111100000000000000000000000000000000000000000000000000000000000000000000000000000000000000000000000000000000000000000000000000000000000000000000000000000000000000000000000000000000000000000000000000000000000000000000000000000000000000000000000000000000000000000000000000000000000000000000000000000000000000000000000000000000000000000000000000000000000000000000000000000000
00000000000000000000000000000000000000000000000000000000000000000000000000000000000000000000000000000000000000000000000000000000000000000000000011111111111111110000000000000000000000000000000000000000000000000000000000000000000000000000000000000000000000000000000000000000000000000000000000000000000000000000000000000000000000000000000000000000000000000000000000000000000000000000000000000000000000000000000000000000000000000000000000000000000000000000000000000000000000000000000000000000000000000000000000000000
00000000000000000000000000000000000000000000000000000000000000000000000000000000000000000000000000000000000000000000000000000000000000000000000000000000000000001111111111111111000000000000000000000000000000000000000000000000000000000000000000000000000000000000000000000000000000000000000000000000000000000000000000000000000000000000000000000000000000000000000000000000000000000000000000000000000000000000000000000000000000000000000000000000000000000000000000000000000000000000000000000000000000000000000000000000
00000000000000000000000000000000000000000000000000000000000000000000000000000000000000000000000000000000000000000000000000000000000000000000000000000000000000000000000000000000111111111111111100000000000000000000000000000000000000000000000000000000000000000000000000000000000000000000000000000000000000000000000000000000000000000000000000000000000000000000000000000000000000000000000000000000000000000000000000000000000000000000000000000000000000000000000000000000000000000000000000000000000000000000000000000000
00000000000000000000000000000000000000000000000000000000000000000000000000000000000000000000000000000000000000000000000000000000000000000000000000000000000000000000000000000000000000000000000011111111111111110000000000000000000000000000000000000000000000000000000000000000000000000000000000000000000000000000000000000000000000000000000000000000000000000000000000000000000000000000000000000000000000000000000000000000000000000000000000000000000000000000000000000000000000000000000000000000000000000000000000000000
00000000000000000000000000000000000000000000000000000000000000000000000000000000000000000000000000000000000000000000000000000000000000000000000000000000000000000000000000000000000000000000000000000000000000001111111111111111000000000000000000000000000000000000000000000000000000000000000000000000000000000000000000000000000000000000000000000000000000000000000000000000000000000000000000000000000000000000000000000000000000000000000000000000000000000000000000000000000000000000000000000000000000000000000000000000
00000000000000000000000000000000000000000000000000000000000000000000000000000000000000000000000000000000000000000000000000000000000000000000000000000000000000000000000000000000000000000000000000000000000000000000000000000000111111111111111100000000000000000000000000000000000000000000000000000000000000000000000000000000000000000000000000000000000000000000000000000000000000000000000000000000000000000000000000000000000000000000000000000000000000000000000000000000000000000000000000000000000000000000000000000000
00000000000000000000000000000000000000000000000000000000000000000000000000000000000000000000000000000000000000000000000000000000000000000000000000000000000000000000000000000000000000000000000000000000000000000000000000000000000000000000000011111111111111110000000000000000000000000000000000000000000000000000000000000000000000000000000000000000000000000000000000000000000000000000000000000000000000000000000000000000000000000000000000000000000000000000000000000000000000000000000000000000000000000000000000000000
00000000000000000000000000000000000000000000000000000000000000000000000000000000000000000000000000000000000000000000000000000000000000000000000000000000000000000000000000000000000000000000000000000000000000000000000000000000000000000000000000000000000000001111111111111111000000000000000000000000000000000000000000000000000000000000000000000000000000000000000000000000000000000000000000000000000000000000000000000000000000000000000000000000000000000000000000000000000000000000000000000000000000000000000000000000
00000000000000000000000000000000000000000000000000000000000000000000000000000000000000000000000000000000000000000000000000000000000000000000000000000000000000000000000000000000000000000000000000000000000000000000000000000000000000000000000000000000000000000000000000000000111111111111111100000000000000000000000000000000000000000000000000000000000000000000000000000000000000000000000000000000000000000000000000000000000000000000000000000000000000000000000000000000000000000000000000000000000000000000000000000000
00000000000000000000000000000000000000000000000000000000000000000000000000000000000000000000000000000000000000000000000000000000000000000000000000000000000000000000000000000000000000000000000000000000000000000000000000000000000000000000000000000000000000000000000000000000000000000000000011111111111111110000000000000000000000000000000000000000000000000000000000000000000000000000000000000000000000000000000000000000000000000000000000000000000000000000000000000000000000000000000000000000000000000000000000000000
00000000000000000000000000000000000000000000000000000000000000000000000000000000000000000000000000000000000000000000000000000000000000000000000000000000000000000000000000000000000000000000000000000000000000000000000000000000000000000000000000000000000000000000000000000000000000000000000000000000000000001111111111111111000000000000000000000000000000000000000000000000000000000000000000000000000000000000000000000000000000000000000000000000000000000000000000000000000000000000000000000000000000000000000000000000
00000000000000000000000000000000000000000000000000000000000000000000000000000000000000000000000000000000000000000000000000000000000000000000000000000000000000000000000000000000000000000000000000000000000000000000000000000000000000000000000000000000000000000000000000000000000000000000000000000000000000000000000000000000111111111111111100000000000000000000000000000000000000000000000000000000000000000000000000000000000000000000000000000000000000000000000000000000000000000000000000000000000000000000000000000000
00000000000000000000000000000000000000000000000000000000000000000000000000000000000000000000000000000000000000000000000000000000000000000000000000000000000000000000000000000000000000000000000000000000000000000000000000000000000000000000000000000000000000000000000000000000000000000000000000000000000000000000000000000000000000000000000011111111111111110000000000000000000000000000000000000000000000000000000000000000000000000000000000000000000000000000000000000000000000000000000000000000000000000000000000000000
00000000000000000000000000000000000000000000000000000000000000000000000000000000000000000000000000000000000000000000000000000000000000000000000000000000000000000000000000000000000000000000000000000000000000000000000000000000000000000000000000000000000000000000000000000000000000000000000000000000000000000000000000000000000000000000000000000000000000001111111111111111000000000000000000000000000000000000000000000000000000000000000000000000000000000000000000000000000000000000000000000000000000000000000000000000
00000000000000000000000000000000000000000000000000000000000000000000000000000000000000000000000000000000000000000000000000000000000000000000000000000000000000000000000000000000000000000000000000000000000000000000000000000000000000000000000000000000000000000000000000000000000000000000000000000000000000000000000000000000000000000000000000000000000000000000000000000000111111111111111100000000000000000000000000000000000000000000000000000000000000000000000000000000000000000000000000000000000000000000000000000000
00000000000000000000000000000000000000000000000000000000000000000000000000000000000000000000000000000000000000000000000000000000000000000000000000000000000000000000000000000000000000000000000000000000000000000000000000000000000000000000000000000000000000000000000000000000000000000000000000000000000000000000000000000000000000000000000000000000000000000000000000000000000000000000000011111111111111110000000000000000000000000000000000000000000000000000000000000000000000000000000000000000000000000000000000000000
00000000000000000000000000000000000000000000000000000000000000000000000000000000000000000000000000000000000000000000000000000000000000000000000000000000000000000000000000000000000000000000000000000000000000000000000000000000000000000000000000000000000000000000000000000000000000000000000000000000000000000000000000000000000000000000000000000000000000000000000000000000000000000000000000000000000000001111111111111111000000000000000000000000000000000000000000000000000000000000000000000000000000000000000000000000
00000000000000000000000000000000000000000000000000000000000000000000000000000000000000000000000000000000000000000000000000000000000000000000000000000000000000000000000000000000000000000000000000000000000000000000000000000000000000000000000000000000000000000000000000000000000000000000000000000000000000000000000000000000000000000000000000000000000000000000000000000000000000000000000000000000000000000000000000000000111111111111111100000000000000000000000000000000000000000000000000000000000000000000000000000000
00000000000000000000000000000000000000000000000000000000000000000000000000000000000000000000000000000000000000000000000000000000000000000000000000000000000000000000000000000000000000000000000000000000000000000000000000000000000000000000000000000000000000000000000000000000000000000000000000000000000000000000000000000000000000000000000000000000000000000000000000000000000000000000000000000000000000000000000000000000000000000000000011111111111111110000000000000000000000000000000000000000000000000000000000000000
00000000000000000000000000000000000000000000000000000000000000000000000000000000000000000000000000000000000000000000000000000000000000000000000000000000000000000000000000000000000000000000000000000000000000000000000000000000000000000000000000000000000000000000000000000000000000000000000000000000000000000000000000000000000000000000000000000000000000000000000000000000000000000000000000000000000000000000000000000000000000000000000000000000000000001111111111111111000000000000000000000000000000000000000000000000
00000000000000000000000000000000000000000000000000000000000000000000000000000000000000000000000000000000000000000000000000000000000000000000000000000000000000000000000000000000000000000000000000000000000000000000000000000000000000000000000000000000000000000000000000000000000000000000000000000000000000000000000000000000000000000000000000000000000000000000000000000000000000000000000000000000000000000000000000000000000000000000000000000000000000000000000000000000111111111111111100000000000000000000000000000000
00000000000000000000000000000000000000000000000000000000000000000000000000000000000000000000000000000000000000000000000000000000000000000000000000000000000000000000000000000000000000000000000000000000000000000000000000000000000000000000000000000000000000000000000000000000000000000000000000000000000000000000000000000000000000000000000000000000000000000000000000000000000000000000000000000000000000000000000000000000000000000000000000000000000000000000000000000000000000000000000011111111111111110000000000000000
00000000000000000000000000000000000000000000000000000000000000000000000000000000000000000000000000000000000000000000000000000000000000000000000000000000000000000000000000000000000000000000000000000000000000000000000000000000000000000000000000000000000000000000000000000000000000000000000000000000000000000000000000000000000000000000000000000000000000000000000000000000000000000000000000000000000000000000000000000000000000000000000000000000000000000000000000000000000000000000000000000000000000001111111111111111
00001011100101110000101110010111111101000110100000001011100101110000101110010111000010111001011100001011100101110000101110010111000000000000000000000000000000000000000000000000000000000000000000000000000000000000000000000000000000000000000000000000000000000000000000000000000000000000000000000000000000000000000000000000000000000000000000000000000000000000000000000000000000000000000000000000000000000000000000000000000000000000000000000000000000000000000000000000000000000000000000000000000000000000000000000000
10111000100011100100011101110001010001110111000110111000100011100100011101110001010001110111000101000111011100010100011101110001000000000000000000000000000000000000000000000000000000000000000000000000000000000000000000000000000000000000000000000000000000000000000000000000000000000000000000000000000000000000000000000000000000000000000000000000000000000000000000000000000000000000000000000000000000000000000000000000000000000000000000000000000000000000000000000000000000000000000000000000000000000000000000000000
01110100000101110111010000010111011101000001011110001011111010000111010000010111011101000001011110001011111010001000101111101000000000000000000000000000000000000000000000000000000000000000000000000000000000000000000000000000000000000000000000000000000000000000000000000000000000000000000000000000000000000000000000000000000000000000000000000000000000000000000000000000000000000000000000000000000000000000000000000000000000000000000000000000000000000000000000000000000000000000000000000000000000000000000000000000
01011010010011011010010110110010101001011011001001011010010011011010010110110010101001011011001010100101101100100101101001001101000000000000000000000000000000000000000000000000000000000000000000000000000000000000000000000000000000000000000000000000000000000000000000000000000000000000000000000000000000000000000000000000000000000000000000000000000000000000000000000000000000000000000000000000000000000000000000000000000000000000000000000000000000000000000000000000000000000000000000000000000000000000000000000000
00000000000000000000000000000000000000000000000000000000000000000000000000000000000000000000000000000000000000000000000000000000100111010100001101100010101111001001110101000011011000101011110001100010101111000110001010111100100111010100001110011101010000110000000000000000000000000000000000000000000000000000000000000000000000000000000000000000000000000000000000000000000000000000000000000000000000000000000000000000000000000000000000000000000000000000000000000000000000000000000000000000000000000000000000000000
00000000000000000000000000000000000000000000000000000000000000000000000000000000000000000000000000000000000000000000000000000000000111010011110011100010110000110001110100111100111000101100001111100010110000111110001011000011111000101100001100011101001111000000000000000000000000000000000000000000000000000000000000000000000000000000000000000000000000000000000000000000000000000000000000000000000000000000000000000000000000000000000000000000000000000000000000000000000000000000000000000000000000000000000000000000
00000000000000000000000000000000000000000000000000000000000000000000000000000000000000000000000000000000000000000000000000000000110001110000111000111000111100011100011100001110001110001111000111000111000011101100011100001110001110001111000100111000111100010000000000000000000000000000000000000000000000000000000000000000000000000000000000000000000000000000000000000000000000000000000000000000000000000000000000000000000000000000000000000000000000000000000000000000000000000000000000000000000000000000000000000000
00000000000000000000000000000000000000000000000000000000000000000000000000000000000000000000000000000000000000000000000000000000000010111001011100001011100101111111010001101000000010111001011111110100011010001111010001101000111101000110100000001011100101110000000000000000000000000000000000000000000000000000000000000000000000000000000000000000000000000000000000000000000000000000000000000000000000000000000000000000000000000000000000000000000000000000000000000000000000000000000000000000000000000000000000000000
00000000000000000000000000000000000000000000000000000000000000000000000000000000000000000000000000000000000000000000000000000000000000000000000000000000000000000000000000000000000000000000000000000000000000000000000000000000000000000000000000000000000000000000101110010111000010111001011111110100011010000000101110010111000010111001011100001011100101110000101110010111000010111001011100000000000000000000000000000000000000000000000000000000000000000000000000000000000000000000000000000000000000000000000000000000
00000000000000000000000000000000000000000000000000000000000000000000000000000000000000000000000000000000000000000000000000000000000000000000000000000000000000000000000000000000000000000000000000000000000000000000000000000000000000000000000000000000000000001011100010001110010001110111000101000111011100011011100010001110010001110111000101000111011100010100011101110001010001110111000100000000000000000000000000000000000000000000000000000000000000000000000000000000000000000000000000000000000000000000000000000000
00000000000000000000000000000000000000000000000000000000000000000000000000000000000000000000000000000000000000000000000000000000000000000000000000000000000000000000000000000000000000000000000000000000000000000000000000000000000000000000000000000000000000000111010000010111011101000001011101110100000101111000101111101000011101000001011101110100000101111000101111101000100010111110100000000000000000000000000000000000000000000000000000000000000000000000000000000000000000000000000000000000000000000000000000000000
00000000000000000000000000000000000000000000000000000000000000000000000000000000000000000000000000000000000000000000000000000000000000000000000000000000000000000000000000000000000000000000000000000000000000000000000000000000000000000000000000000000000000000101101001001101101001011011001010100101101100100101101001001101101001011011001010100101101100101010010110110010010110100100110100000000000000000000000000000000000000000000000000000000000000000000000000000000000000000000000000000000000000000000000000000000
00000000000000000000000000000000000000000000000000000000000000000000000000000000000000000000000000000000000000000000000000000000000000000000000000000000000000000000000000000000000000000000000000000000000000000000000000000000000000000000000000000000000000000000000000000000000000000000000000000000000000000000000000000000000000000000000000000000000000000000000000000000000000000000000010011101010000110110001010111100100111010100001101100010101111000110001010111100011000101011110010011101010000111001110101000011
00000000000000000000000000000000000000000000000000000000000000000000000000000000000000000000000000000000000000000000000000000000000000000000000000000000000000000000000000000000000000000000000000000000000000000000000000000000000000000000000000000000000000000000000000000000000000000000000000000000000000000000000000000000000000000000000000000000000000000000000000000000000000000000000000011101001111001110001011000011000111010011110011100010110000111110001011000011111000101100001111100010110000110001110100111100
00000000000000000000000000000000000000000000000000000000000000000000000000000000000000000000000000000000000000000000000000000000000000000000000000000000000000000000000000000000000000000000000000000000000000000000000000000000000000000000000000000000000000000000000000000000000000000000000000000000000000000000000000000000000000000000000000000000000000000000000000000000000000000000000011000111000011100011100011110001110001110000111000111000111100011100011100001110110001110000111000111000111100010011100011110001
00000000000000000000000000000000000000000000000000000000000000000000000000000000000000000000000000000000000000000000000000000000000000000000000000000000000000000000000000000000000000000000000000000000000000000000000000000000000000000000000000000000000000000000000000000000000000000000000000000000000000000000000000000000000000000000000000000000000000000000000000000000000000000000000000001011100101110000101110010111111101000110100000001011100101111111010001101000111101000110100011110100011010000000101110010111
00000001001101000001111001011001000011011000101001101000010011111101100100101001011100000000000100101110001011100100110110000010010110110111100101000100000101001010100000111000001100100000001001111100100110110010101001001100100010111001110011101000001100000000000100110100000111100101100100001101100010100110100001001111110110010010100101110000000000010010111000101110010011011000001001011011011110010100010000010100101010000011100000110010000000100111110010011011001010100100110010001011100111001110100000110000
10100011000110001011000000100101100100000100110100001111110100010100001010100000100011001101101011010000000100000001101110100000001010001111000011000100001100100001101110100101100001000011100100110110101101110000011100110010101001000000011110010000010010001010001100011000101100000010010110010000010011010000111111010001010000101010000010001100110110101101000000010000000110111010000000101000111100001100010000110010000110111010010110000100001110010011011010110111000001110011001010100100000001111001000001001000
01001000001100000011110010001011101000110011011001110110011111001011010000100100110010011101100010010001000011100111010111010110010000111010011111001000111000111010100010100001100000100001010001000000010011000011110110110000011001010110011010000001101111100100100000110000001111001000101110100011001101100111011001111100101101000010010011001001110110001001000100001110011101011101011001000011101001111100100011100011101010001010000110000010000101000100000001001100001111011011000001100101011001101000000110111110
00000100000100001100110011100001010111001001110010100101010000011101010000101101011000001000000111001000001011110000110011000011010111100101110110010110101011000000011011010001000000001111001110001110011000000011101011001100100100100110001001010110100011100000010000010000110011001110000101011100100111001010010101000001110101000010110101100000100000011100100000101111000011001100001101011110010111011001011010101100000001101101000100000000111100111000111001100000001110101100110010010010011000100101011010001110
11000100011001110001111001010000001011010010100000110110010111001111111000000001010000001010010001101100011101000010010000001100000101011100001000110000000010100000001101110010000110000000011000101111101001001001000100000001010000100010111000001010010101101100010001100111000111100101000000101101001010000011011001011100111111100000000101000000101001000110110001110100001001000000110000010101110000100011000000001010000000110111001000011000000001100010111110100100100100010000000101000010001011100000101001010110
11100101000100000101000101100010100111011100001011001000110000101010001010111100110001100010110100010000100000110001000001000110110000001101110110001011010100000100011111110000111011010000111110000111011100010001110000011111110010101011000100110101100010111110010100010000010100010110001010011101110000101100100011000010101000101011110011000110001011010001000010000011000100000100011011000000110111011000101101010000010001111111000011101101000011111000011101110001000111000001111111001010101100010011010110001011
01011000010010101000110000101010000110110000100110010010101110010000101100001110000010010000011010010100000111001010000000111001101011000010001001111000010000100001000010011110011001101101000100000000100110010000001010010001011000000111010001010100010100010101100001001010100011000010101000011011000010011001001010111001000010110000111000001001000001101001010000011100101000000011100110101100001000100111100001000010000100001001111001100110110100010000000010011001000000101001000101100000011101000101010001010001
10011101001001010010110001101101111000000100101011110110100010000000011111010110010010100100000001111001000101101111001011011001000010111111000101000101010001101000100101100001011000000101110010010001000000100010001101101011000100000011110101100100000011011001110100100101001011000110110111100000010010101111011010001000000001111101011001001010010000000111100100010110111100101101100100001011111100010100010101000110100010010110000101100000010111001001000100000010001000110110101100010000001111010110010000001101
00010011101010000101000001100000010010000110011011110101000001100100100111001000001100100011110101110000111000000011110000101000101000001011000100011100100001100000010010000000101110011110000000000101001011101000000100100100001111000000011001110000110011100001001110101000010100000110000001001000011001101111010100000110010010011100100000110010001111010111000011100000001111000010100010100000101100010001110010000110000001001000000010111001111000000000010100101110100000010010010000111100000001100111000011001110
01001110000110001100010000011100111100010000111000001000100000000110010100010111111010001100001111100100010100001000100110011011010100110010010011011001001000000001001111001101111010100100001110000111110101000000101000000000000001101001001110010100101001110100111000011000110001000001110011110001000011100000100010000000011001010001011111101000110000111110010001010000100010011001101101010011001001001101100100100000000100111100110111101010010000111000011111010100000010100000000000000110100100111001010010100111
01010000100010111101000101010000110000001110101110000101001000000001000001010100001001100010100101001101111001000101001001010100001001001001110010100101010001110100101100000011000011101100100001100100010000111010110111000001001110011111001100100110010000110101000010001011110100010101000011000000111010111000010100100000000100000101010000100110001010010100110111100100010100100101010000100100100111001010010101000111010010110000001100001110110010000110010001000011101011011100000100111001111100110010011001000011
10010100100001100000011100011001100000100001010000000101111010001010101001110001110000100101100000000100010101110001011010111001110110000110000010110100000000000011000100001101010010010000111000011001011010000111000101000001010010001011000110100101101000001001010010000110000001110001100110000010000101000000010111101000101010100111000111000010010110000000010001010111000101101011100111011000011000001011010000000000001100010000110101001001000011100001100101101000011100010100000101001000101100011010010110100000
11000001000111000001000011011010001100110100100001000010111010000100100011110000110100001100011100000010000111000100101011100000110000010001110000010000110110100011001101001000010000101110100001001000111100001101000011000111000000100001110001001010111000001100000100011100000100001101101000110011010010000100001011101000010010001111000011010000110001110000001000011100010010101110000011000001000111000001000011011010001100110100100001000010111010000100100011110000110100001100011100000010000111000100101011100000
11110010111100101111000100100011011000010100101011011000101100011111000000011110101010110010000000110100100000000110110010010000001010001100000000101011000100010100010010000111000000101000001100101010001011000111000100010010000100010100110101001001010111011111001011110010111100010010001101100001010010101101100010110001111100000001111010101011001000000011010010000000011011001001000000101000110000000010101100010001010001001000011100000010100000110010101000101100011100010001001000010001010011010100100101011101
01110110010010010011001100011000000010101100100100001001000001100011000101100010101100000001001111111010010010110011100100001001100101001000101000101110001001001110100000001010000101000011101011010011101000010101001011010000000110001000100000100100001101010111011001001001001100110001100000001010110010010000100100000110001100010110001010110000000100111111101001001011001110010000100110010100100010100010111000100100111010000000101000010100001110101101001110100001010100101101000000011000100010000010010000110101
00000101110010011110001001001110010101110010011000100011001001100001110011001101000011000101101000001001010111110001100111100110001101101010111111010001001010000110010001000000000100000100000011010000010101001100000011000011110001011100011000101010100000000000010111001001111000100100111001010111001001100010001100100110000111001100110100001100010110100000100101011111000110011110011000110110101011111101000100101000011001000100000000010000010000001101000001010100110000001100001111000101110001100010101010000000
10100011011100010000101010110100110101011011010111110101010000010010000000011001000100010000000010001001100000111000011000010000111001000000000001001101110001011001001011000100101100100011000010011000100101110101011001110001001100010000110111000001011000011010001101110001000010101011010011010101101101011111010101000001001000000001100100010001000000001000100110000011100001100001000011100100000000000100110111000101100100101100010010110010001100001001100010010111010101100111000100110001000011011100000101100001
00100100010010111000000110101010001110101100001101001100011100111000001111001000001001000000100100110001011010001110010101100010111000110100010101000110101001000000001000110010011101001000001001000100110001100001110011111000000010011001100100100010011011000010010001001011100000011010101000111010110000110100110001110011100000111100100000100100000010010011000101101000111001010110001011100011010001010100011010100100000000100011001001110100100000100100010011000110000111001111100000001001100110010010001001101100
00000001011011101001001111100001110100101001110001000100101010011001011110101000101011011010010011010100100000011001001001110101010110110010001111001001101011001000100011010001000111101110010000110010000110100000100000010110100011101100110011001000001110000000000101101110100100111110000111010010100111000100010010101001100101111010100010101101101001001101010010000001100100100111010101011011001000111100100110101100100010001101000100011110111001000011001000011010000010000001011010001110110011001100100000111000
10001100101011010100100010000100100000101010000001100000101001010100110000010011010111100000001010111001000100001110001000010100001000101000100011100110101000010010110010000101110011101000000000011101110010011111000000100111000101110011010101001100001100011000110010101101010010001000010010000010101000000110000010100101010011000001001101011110000000101011100100010000111000100001010000100010100010001110011010100001001011001000010111001110100000000001110111001001111100000010011100010111001101010100110000110001
00001011111100100001100000110011011111101001010100111011001100100101001101001110101000110000100100000100010110001101010101001100001001011010100000110110011010010101000011001111000101010110100001111101000101000111001010101100001010100000001000000100111010010000101111110010000110000011001101111110100101010011101100110010010100110100111010100011000010010000010001011000110101010100110000100101101010000011011001101001010100001100111100010101011010000111110100010100011100101010110000101010000000100000010011101001

observable
00110011100111000111101000010000000000000000000000000000000000000000000000000000000000000000000000000000000000000000000000000000000000000000000000000000000000000000000000000000000000000000000000000000000000000000000000000000000000000000000000000000000000000000000000000000000000000000000000000000000000000000000000000000000000000000000000000000000000000000000000000000000000000000000000000000000000000000000000000000000000000000000000000000000000000000000000000000000000000000000000000000000000000000000000000000

X checks
11111111111111110000000000000000000000000000000000000000000000000000000000000000000000000000000000000000000000000000000000000000000000000000000000000000000000000000000000000000000000000000000000000000000000000000000000000000000000000000000000000000000000000000000000000000000000000000000000000000000000000000000000000000000000000000000000000000000000000000000000000000000000000000000000000000000000000000000000000000000000000000000000000000000000000000000000000000000000000000000000000000000000000000000000000000
00000000000000001111111111111111000000000000000000000000000000000000000000000000000000000000000000000000000000000000000000000000000000000000000000000000000000000000000000000000000000000000000000000000000000000000000000000000000000000000000000000000000000000000000000000000000000000000000000000000000000000000000000000000000000000000000000000000000000000000000000000000000000000000000000000000000000000000000000000000000000000000000000000000000000000000000000000000000000000000000000000000000000000000000000000000
00000000000000000000000000000000111111111111111100000000000000000000000000000000000000000000000000000000000000000000000000000000000000000000000000000000000000000000000000000000000000000000000000000000000000000000000000000000000000000000000000000000000000000000000000000000000000000000000000000000000000000000000000000000000000000000000000000000000000000000000000000000000000000000000000000000000000000000000000000000000000000000000000000000000000000000000000000000000000000000000000000000000000000000000000000000
00000000000000000000000000000000000000000000000011111111111111110000000000000000000000000000000000000000000000000000000000000000000000000000000000000000000000000000000000000000000000000000000000000000000000000000000000000000000000000000000000000000000000000000000000000000000000000000000000000000000000000000000000000000000000000000000000000000000000000000000000000000000000000000000000000000000000000000000000000000000000000000000000000000000000000000000000000000000000000000000000000000000000000000000000000000
00000000000000000000000000000000000000000000000000000000000000001111111111111111000000000000000000000000000000000000000000000000000000000000000000000000000000000000000000000000000000000000000000000000000000000000000000000000000000000000000000000000000000000000000000000000000000000000000000000000000000000000000000000000000000000000000000000000000000000000000000000000000000000000000000000000000000000000000000000000000000000000000000000000000000000000000000000000000000000000000000000000000000000000000000000000
00000000000000000000000000000000000000000000000000000000000000000000000000000000111111111111111100000000000000000000000000000000000000000000000000000000000000000000000000000000000000000000000000000000000000000000000000000000000000000000000000000000000000000000000000000000000000000000000000000000000000000000000000000000000000000000000000000000000000000000000000000000000000000000000000000000000000000000000000000000000000000000000000000000000000000000000000000000000000000000000000000000000000000000000000000000
00000000000000000000000000000000000000000000000000000000000000000000000000000000000000000000000011111111111111110000000000000000000000000000000000000000000000000000000000000000000000000000000000000000000000000000000000000000000000000000000000000000000000000000000000000000000000000000000000000000000000000000000000000000000000000000000000000000000000000000000000000000000000000000000000000000000000000000000000000000000000000000000000000000000000000000000000000000000000000000000000000000000000000000000000000000
00000000000000000000000000000000000000000000000000000000000000000000000000000000000000000000000000000000000000001111111111111111000000000000000000000000000000000000000000000000000000000000000000000000000000000000000000000000000000000000000000000000000000000000000000000000000000000000000000000000000000000000000000000000000000000000000000000000000000000000000000000000000000000000000000000000000000000000000000000000000000000000000000000000000000000000000000000000000000000000000000000000000000000000000000000000
00000000000000000000000000000000000000000000000000000000000000000000000000000000000000000000000000000000000000000000000000000000111111111111111100000000000000000000000000000000000000000000000000000000000000000000000000000000000000000000000000000000000000000000000000000000000000000000000000000000000000000000000000000000000000000000000000000000000000000000000000000000000000000000000000000000000000000000000000000000000000000000000000000000000000000000000000000000000000000000000000000000000000000000000000000000
00000000000000000000000000000000000000000000000000000000000000000000000000000000000000000000000000000000000000000000000000000000000000000000000011111111111111110000000000000000000000000000000000000000000000000000000000000000000000000000000000000000000000000000000000000000000000000000000000000000000000000000000000000000000000000000000000000000000000000000000000000000000000000000000000000000000000000000000000000000000000000000000000000000000000000000000000000000000000000000000000000000000000000000000000000000
00000000000000000000000000000000000000000000000000000000000000000000000000000000000000000000000000000000000000000000000000000000000000000000000000000000000000001111111111111111000000000000000000000000000000000000000000000000000000000000000000000000000000000000000000000000000000000000000000000000000000000000000000000000000000000000000000000000000000000000000000000000000000000000000000000000000000000000000000000000000000000000000000000000000000000000000000000000000000000000000000000000000000000000000000000000
00000000000000000000000000000000000000000000000000000000000000000000000000000000000000000000000000000000000000000000000000000000000000000000000000000000000000000000000000000000111111111111111100000000000000000000000000000000000000000000000000000000000000000000000000000000000000000000000000000000000000000000000000000000000000000000000000000000000000000000000000000000000000000000000000000000000000000000000000000000000000000000000000000000000000000000000000000000000000000000000000000000000000000000000000000000
00000000000000000000000000000000000000000000000000000000000000000000000000000000000000000000000000000000000000000000000000000000000000000000000000000000000000000000000000000000000000000000000011111111111111110000000000000000000000000000000000000000000000000000000000000000000000000000000000000000000000000000000000000000000000000000000000000000000000000000000000000000000000000000000000000000000000000000000000000000000000000000000000000000000000000000000000000000000000000000000000000000000000000000000000000000
00000000000000000000000000000000000000000000000000000000000000000000000000000000000000000000000000000000000000000000000000000000000000000000000000000000000000000000000000000000000000000000000000000000000000001111111111111111000000000000000000000000000000000000000000000000000000000000000000000000000000000000000000000000000000000000000000000000000000000000000000000000000000000000000000000000000000000000000000000000000000000000000000000000000000000000000000000000000000000000000000000000000000000000000000000000
00000000000000000000000000000000000000000000000000000000000000000000000000000000000000000000000000000000000000000000000000000000000000000000000000000000000000000000000000000000000000000000000000000000000000000000000000000000111111111111111100000000000000000000000000000000000000000000000000000000000000000000000000000000000000000000000000000000000000000000000000000000000000000000000000000000000000000000000000000000000000000000000000000000000000000000000000000000000000000000000000000000000000000000000000000000
00000000000000000000000000000000000000000000000000000000000000000000000000000000000000000000000000000000000000000000000000000000000000000000000000000000000000000000000000000000000000000000000000000000000000000000000000000000000000000000000011111111111111110000000000000000000000000000000000000000000000000000000000000000000000000000000000000000000000000000000000000000000000000000000000000000000000000000000000000000000000000000000000000000000000000000000000000000000000000000000000000000000000000000000000000000
00000000000000000000000000000000000000000000000000000000000000000000000000000000000000000000000000000000000000000000000000000000000000000000000000000000000000000000000000000000000000000000000000000000000000000000000000000000000000000000000000000000000000001111111111111111000000000000000000000000000000000000000000000000000000000000000000000000000000000000000000000000000000000000000000000000000000000000000000000000000000000000000000000000000000000000000000000000000000000000000000000000000000000000000000000000
00000000000000000000000000000000000000000000000000000000000000000000000000000000000000000000000000000000000000000000000000000000000000000000000000000000000000000000000000000000000000000000000000000000000000000000000000000000000000000000000000000000000000000000000000000000111111111111111100000000000000000000000000000000000000000000000000000000000000000000000000000000000000000000000000000000000000000000000000000000000000000000000000000000000000000000000000000000000000000000000000000000000000000000000000000000
00000000000000000000000000000000000000000000000000000000000000000000000000000000000000000000000000000000000000000000000000000000000000000000000000000000000000000000000000000000000000000000000000000000000000000000000000000000000000000000000000000000000000000000000000000000000000000000000011111111111111110000000000000000000000000000000000000000000000000000000000000000000000000000000000000000000000000000000000000000000000000000000000000000000000000000000000000000000000000000000000000000000000000000000000000000
00000000000000000000000000000000000000000000000000000000000000000000000000000000000000000000000000000000000000000000000000000000000000000000000000000000000000000000000000000000000000000000000000000000000000000000000000000000000000000000000000000000000000000000000000000000000000000000000000000000000000001111111111111111000000000000000000000000000000000000000000000000000000000000000000000000000000000000000000000000000000000000000000000000000000000000000000000000000000000000000000000000000000000000000000000000
00000000000000000000000000000000000000000000000000000000000000000000000000000000000000000000000000000000000000000000000000000000000000000000000000000000000000000000000000000000000000000000000000000000000000000000000000000000000000000000000000000000000000000000000000000000000000000000000000000000000000000000000000000000111111111111111100000000000000000000000000000000000000000000000000000000000000000000000000000000000000000000000000000000000000000000000000000000000000000000000000000000000000000000000000000000
00000000000000000000000000000000000000000000000000000000000000000000000000000000000000000000000000000000000000000000000000000000000000000000000000000000000000000000000000000000000000000000000000000000000000000000000000000000000000000000000000000000000000000000000000000000000000000000000000000000000000000000000000000000000000000000000011111111111111110000000000000000000000000000000000000000000000000000000000000000000000000000000000000000000000000000000000000000000000000000000000000000000000000000000000000000
00000000000000000000000000000000000000000000000000000000000000000000000000000000000000000000000000000000000000000000000000000000000000000000000000000000000000000000000000000000000000000000000000000000000000000000000000000000000000000000000000000000000000000000000000000000000000000000000000000000000000000000000000000000000000000000000000000000000000001111111111111111000000000000000000000000000000000000000000000000000000000000000000000000000000000000000000000000000000000000000000000000000000000000000000000000
00000000000000000000000000000000000000000000000000000000000000000000000000000000000000000000000000000000000000000000000000000000000000000000000000000000000000000000000000000000000000000000000000000000000000000000000000000000000000000000000000000000000000000000000000000000000000000000000000000000000000000000000000000000000000000000000000000000000000000000000000000000111111111111111100000000000000000000000000000000000000000000000000000000000000000000000000000000000000000000000000000000000000000000000000000000
00000000000000000000000000000000000000000000000000000000000000000000000000000000000000000000000000000000000000000000000000000000000000000000000000000000000000000000000000000000000000000000000000000000000000000000000000000000000000000000000000000000000000000000000000000000000000000000000000000000000000000000000000000000000000000000000000000000000000000000000000000000000000000000000011111111111111110000000000000000000000000000000000000000000000000000000000000000000000000000000000000000000000000000000000000000
00000000000000000000000000000000000000000000000000000000000000000000000000000000000000000000000000000000000000000000000000000000000000000000000000000000000000000000000000000000000000000000000000000000000000000000000000000000000000000000000000000000000000000000000000000000000000000000000000000000000000000000000000000000000000000000000000000000000000000000000000000000000000000000000000000000000000001111111111111111000000000000000000000000000000000000000000000000000000000000000000000000000000000000000000000000
00000000000000000000000000000000000000000000000000000000000000000000000000000000000000000000000000000000000000000000000000000000000000000000000000000000000000000000000000000000000000000000000000000000000000000000000000000000000000000000000000000000000000000000000000000000000000000000000000000000000000000000000000000000000000000000000000000000000000000000000000000000000000000000000000000000000000000000000000000000111111111111111100000000000000000000000000000000000000000000000000000000000000000000000000000000
00000000000000000000000000000000000000000000000000000000000000000000000000000000000000000000000000000000000000000000000000000000000000000000000000000000000000000000000000000000000000000000000000000000000000000000000000000000000000000000000000000000000000000000000000000000000000000000000000000000000000000000000000000000000000000000000000000000000000000000000000000000000000000000000000000000000000000000000000000000000000000000000011111111111111110000000000000000000000000000000000000000000000000000000000000000
00000000000000000000000000000000000000000000000000000000000000000000000000000000000000000000000000000000000000000000000000000000000000000000000000000000000000000000000000000000000000000000000000000000000000000000000000000000000000000000000000000000000000000000000000000000000000000000000000000000000000000000000000000000000000000000000000000000000000000000000000000000000000000000000000000000000000000000000000000000000000000000000000000000000000001111111111111111000000000000000000000000000000000000000000000000
00000000000000000000000000000000000000000000000000000000000000000000000000000000000000000000000000000000000000000000000000000000000000000000000000000000000000000000000000000000000000000000000000000000000000000000000000000000000000000000000000000000000000000000000000000000000000000000000000000000000000000000000000000000000000000000000000000000000000000000000000000000000000000000000000000000000000000000000000000000000000000000000000000000000000000000000000000000111111111111111100000000000000000000000000000000
00000000000000000000000000000000000000000000000000000000000000000000000000000000000000000000000000000000000000000000000000000000000000000000000000000000000000000000000000000000000000000000000000000000000000000000000000000000000000000000000000000000000000000000000000000000000000000000000000000000000000000000000000000000000000000000000000000000000000000000000000000000000000000000000000000000000000000000000000000000000000000000000000000000000000000000000000000000000000000000000011111111111111110000000000000000
00000000000000000000000000000000000000000000000000000000000000000000000000000000000000000000000000000000000000000000000000000000000000000000000000000000000000000000000000000000000000000000000000000000000000000000000000000000000000000000000000000000000000000000000000000000000000000000000000000000000000000000000000000000000000000000000000000000000000000000000000000000000000000000000000000000000000000000000000000000000000000000000000000000000000000000000000000000000000000000000000000000000000001111111111111111
11011010010011001101101001001100110110100100110011011010010011001101101001001100110110100100110011011010010011001101101001001100000000000000000000000000000000000000000000000000000000000000000000000000000000000000000000000000000000000000000000000000000000000000000000000000000000000000000000000000000000000000000000000000000000000000000000000000000000000000000000000000000000000000000000000000000000000000000000000000000000000000000000000000000000000000000000000000000000000000000000000000000000000000000000000000
10100101110011001010010111001100101001011100110010100101110011001010010111001100101001011100110010100101110011001010010111001100000000000000000000000000000000000000000000000000000000000000000000000000000000000000000000000000000000000000000000000000000000000000000000000000000000000000000000000000000000000000000000000000000000000000000000000000000000000000000000000000000000000000000000000000000000000000000000000000000000000000000000000000000000000000000000000000000000000000000000000000000000000000000000000000
10010110101010101001011010101010100101101010101010010110101010101001011010101010100101101010101010010110101010101001011010101010000000000000000000000000000000000000000000000000000000000000000000000000000000000000000000000000000000000000000000000000000000000000000000000000000000000000000000000000000000000000000000000000000000000000000000000000000000000000000000000000000000000000000000000000000000000000000000000000000000000000000000000000000000000000000000000000000000000000000000000000000000000000000000000000
10001011100101101000101110010110100010111001011010001011100101101000101110010110100010111001011010001011100101101000101110010110000000000000000000000000000000000000000000000000000000000000000000000000000000000000000000000000000000000000000000000000000000000000000000000000000000000000000000000000000000000000000000000000000000000000000000000000000000000000000000000000000000000000000000000000000000000000000000000000000000000000000000000000000000000000000000000000000000000000000000000000000000000000000000000000
00000000000000000000000000000000000000000000000000000000000000000000000000000000000000000000000000000000000000000000000000000000110110100100110011011010010011001101101001001100110110100100110011011010010011001101101001001100110110100100110011011010010011000000000000000000000000000000000000000000000000000000000000000000000000000000000000000000000000000000000000000000000000000000000000000000000000000000000000000000000000000000000000000000000000000000000000000000000000000000000000000000000000000000000000000000
00000000000000000000000000000000000000000000000000000000000000000000000000000000000000000000000000000000000000000000000000000000101001011100110010100101110011001010010111001100101001011100110010100101110011001010010111001100101001011100110010100101110011000000000000000000000000000000000000000000000000000000000000000000000000000000000000000000000000000000000000000000000000000000000000000000000000000000000000000000000000000000000000000000000000000000000000000000000000000000000000000000000000000000000000000000
00000000000000000000000000000000000000000000000000000000000000000000000000000000000000000000000000000000000000000000000000000000100101101010101010010110101010101001011010101010100101101010101010010110101010101001011010101010100101101010101010010110101010100000000000000000000000000000000000000000000000000000000000000000000000000000000000000000000000000000000000000000000000000000000000000000000000000000000000000000000000000000000000000000000000000000000000000000000000000000000000000000000000000000000000000000
00000000000000000000000000000000000000000000000000000000000000000000000000000000000000000000000000000000000000000000000000000000100010111001011010001011100101101000101110010110100010111001011010001011100101101000101110010110100010111001011010001011100101100000000000000000000000000000000000000000000000000000000000000000000000000000000000000000000000000000000000000000000000000000000000000000000000000000000000000000000000000000000000000000000000000000000000000000000000000000000000000000000000000000000000000000
00000000000000000000000000000000000000000000000000000000000000000000000000000000000000000000000000000000000000000000000000000000000000000000000000000000000000000000000000000000000000000000000000000000000000000000000000000000000000000000000000000000000000001101101001001100110110100100110011011010010011001101101001001100110110100100110011011010010011001101101001001100110110100100110000000000000000000000000000000000000000000000000000000000000000000000000000000000000000000000000000000000000000000000000000000000
00000000000000000000000000000000000000000000000000000000000000000000000000000000000000000000000000000000000000000000000000000000000000000000000000000000000000000000000000000000000000000000000000000000000000000000000000000000000000000000000000000000000000001010010111001100101001011100110010100101110011001010010111001100101001011100110010100101110011001010010111001100101001011100110000000000000000000000000000000000000000000000000000000000000000000000000000000000000000000000000000000000000000000000000000000000
00000000000000000000000000000000000000000000000000000000000000000000000000000000000000000000000000000000000000000000000000000000000000000000000000000000000000000000000000000000000000000000000000000000000000000000000000000000000000000000000000000000000000001001011010101010100101101010101010010110101010101001011010101010100101101010101010010110101010101001011010101010100101101010101000000000000000000000000000000000000000000000000000000000000000000000000000000000000000000000000000000000000000000000000000000000
00000000000000000000000000000000000000000000000000000000000000000000000000000000000000000000000000000000000000000000000000000000000000000000000000000000000000000000000000000000000000000000000000000000000000000000000000000000000000000000000000000000000000001000101110010110100010111001011010001011100101101000101110010110100010111001011010001011100101101000101110010110100010111001011000000000000000000000000000000000000000000000000000000000000000000000000000000000000000000000000000000000000000000000000000000000
00000000000000000000000000000000000000000000000000000000000000000000000000000000000000000000000000000000000000000000000000000000000000000000000000000000000000000000000000000000000000000000000000000000000000000000000000000000000000000000000000000000000000000000000000000000000000000000000000000000000000000000000000000000000000000000000000000000000000000000000000000000000000000000000011011010010011001101101001001100110110100100110011011010010011001101101001001100110110100100110011011010010011001101101001001100
00000000000000000000000000000000000000000000000000000000000000000000000000000000000000000000000000000000000000000000000000000000000000000000000000000000000000000000000000000000000000000000000000000000000000000000000000000000000000000000000000000000000000000000000000000000000000000000000000000000000000000000000000000000000000000000000000000000000000000000000000000000000000000000000010100101110011001010010111001100101001011100110010100101110011001010010111001100101001011100110010100101110011001010010111001100
00000000000000000000000000000000000000000000000000000000000000000000000000000000000000000000000000000000000000000000000000000000000000000000000000000000000000000000000000000000000000000000000000000000000000000000000000000000000000000000000000000000000000000000000000000000000000000000000000000000000000000000000000000000000000000000000000000000000000000000000000000000000000000000000010010110101010101001011010101010100101101010101010010110101010101001011010101010100101101010101010010110101010101001011010101010
00000000000000000000000000000000000000000000000000000000000000000000000000000000000000000000000000000000000000000000000000000000000000000000000000000000000000000000000000000000000000000000000000000000000000000000000000000000000000000000000000000000000000000000000000000000000000000000000000000000000000000000000000000000000000000000000000000000000000000000000000000000000000000000000010001011100101101000101110010110100010111001011010001011100101101000101110010110100010111001011010001011100101101000101110010110
01010111111101000001010001111110111001011000011011011110001101100101011010000010001001101110101010000111010111000111000101001000010101111111010000010100011111101110010110000110110111100011011001010110100000100010011011101010100001110101110001110001010010000101011111110100000101000111111011100101100001101101111000110110010101101000001000100110111010101000011101011100011100010100100001010111111101000001010001111110111001011000011011011110001101100101011010000010001001101110101010000111010111000111000101001000
10000110101000101000011010010010100101001100001001110011110100000010100110000110011110100000100000111010001011101001010001000000100001101010001010000110100100101001010011000010011100111101000000101001100001100111101000001000001110100010111010010100010000001000011010100010100001101001001010010100110000100111001111010000001010011000011001111010000010000011101000101110100101000100000010000110101000101000011010010010100101001100001001110011110100000010100110000110011110100000100000111010001011101001010001000000
10101011100101001010101001010000010101001010010001110000111001100010011000100110010000101110100000111010001001000010111000101000101010111001010010101010010100000101010010100100011100001110011000100110001001100100001011101000001110100010010000101110001010001010101110010100101010100101000001010100101001000111000011100110001001100010011001000010111010000011101000100100001011100010100010101011100101001010101001010000010101001010010001110000111001100010011000100110010000101110100000111010001001000010111000101000
10010010010110001000010011101000010101100001100000110111100001101110011000110010001101110001000000110010100100100101110100100000100100100101100010000100111010000101011000011000001101111000011011100110001100100011011100010000001100101001001001011101001000001001001001011000100001001110100001010110000110000011011110000110111001100011001000110111000100000011001010010010010111010010000010010010010110001000010011101000010101100001100000110111100001101110011000110010001101110001000000110010100100100101110100100000
10010010101011100100100001111000111001011110011001110000001110000101000100101100001100001100000010111011100001001101001001100000100100101010111001001000011110001110010111100110011100000011100001010001001011000011000011000000101110111000010011010010011000001001001010101110010010000111100011100101111001100111000000111000010100010010110000110000110000001011101110000100110100100110000010010010101011100100100001111000111001011110011001110000001110000101000100101100001100001100000010111011100001001101001001100000
10001011011010101111110000111010001100101111100010101010011000001010001100100010101111010011011010110001100001000010011000100000100010110110101011111100001110100011001011111000101010100110000010100011001000101011110100110110101100011000010000100110001000001000101101101010111111000011101000110010111110001010101001100000101000110010001010111101001101101011000110000100001001100010000010001011011010101111110000111010001100101111100010101010011000001010001100100010101111010011011010110001100001000010011000100000
01001100011010000010110000010110010010000100010011111100100101100001010100101010000001110000001010100100110100001010111101001000010011000110100000101100000101100100100001000100111111001001011000010101001010100000011100000010101001001101000010101111010010000100110001101000001011000001011001001000010001001111110010010110000101010010101000000111000000101010010011010000101011110100100001001100011010000010110000010110010010000100010011111100100101100001010100101010000001110000001010100100110100001010111101001000
01100000001110101101100001001110011110111100011011010101101011101100010000010110010110111101000000101110111001001001101100100000011000000011101011011000010011100111101111000110110101011010111011000100000101100101101111010000001011101110010010011011001000000110000000111010110110000100111001111011110001101101010110101110110001000001011001011011110100000010111011100100100110110010000001100000001110101101100001001110011110111100011011010101101011101100010000010110010110111101000000101110111001001001101100100000
10100101011011001000001000010010010001111001011001011011010010011001000100011010101101000110010100111100001100111100110111111110110100010000010100001001100001001100110000000000001011110010000000011010100011001100000000001100010010000101101001000110011010001010010101101100100000100001001001000111100101100101101101001001100100010001101010110100011001010011110000110011110011011111111011010001000001010000100110000100110011000000000000101111001000000001101010001100110000000000110001001000010110100100011001101000
01101010110001100100110011001110110111000010101001001111010100010011010110111101000100110110100010011100010110010010000001000110010110011010000001111111101010000001000010110011011111000011011111111001001001000010000000001110010100001100000000010011001000000110101011000110010011001100111011011100001010100100111101010001001101011011110100010011011010001001110001011001001000000100011001011001101000000111111110101000000100001011001101111100001101111111100100100100001000000000111001010000110000000001001100100000
01101111010101100010010101001100011001010010100000110001110110010101001110100101110100011011011100010100010010001110100100011100110101111010011001100010010000110010001000100111100010010010100111101011010101011001011010111000101011001011100010101110000100110110111101010110001001010100110001100101001010000011000111011001010100111010010111010001101101110001010001001000111010010001110011010111101001100110001001000011001000100010011110001001001010011110101101010101100101101011100010101100101110001010111000010011
00011010110110010110011110000101101000101100110110000110011000100101000010000100111001111110010001001011000110000011001011100110010111011101011000100000100010100001101000111101001111101001001000010111100010111010000011101011000011000001011101110101111010010001101011011001011001111000010110100010110011011000011001100010010100001000010011100111111001000100101100011000001100101110011001011101110101100010000010001010000110100011110100111110100100100001011110001011101000001110101100001100000101110111010111101001
00010100101000111011000101000010010001111100011000110001100001010001110001111010011000110000000000000100110101100000100010001100001011000010110010001001110011011000000010110110000010010000101011011011000010101010010001110000001111000101100100110000000000110001010010100011101100010100001001000111110001100011000110000101000111000111101001100011000000000000010011010110000010001000110000101100001011001000100111001101100000001011011000001001000010101101101100001010101001000111000000111100010110010011000000000011
01101011100100010100110000110001100000011100000000000000001000100111001011100100100010000000100100110101010101100100001010000100010011100010001001101001100000101010010001110011110110100110111010101000101010000101001001000101111011110001101010011000110010000110101110010001010011000011000110000001110000000000000000100010011100101110010010001000000010010011010101010110010000101000010001001110001000100110100110000010101001000111001111011010011011101010100010101000010100100100010111101111000110101001100011001000
01000100011010010011001011100101101100000000001001000111101011111110011101001000001011011000101101010000001010110010010011111010000010001000111101111110000000110000001100011011000010110100100101010100010100010110000101101101111000110011001001101000000111000100010001101001001100101110010110110000000000100100011110101111111001110100100000101101100010110101000000101011001001001111101000001000100011110111111000000011000000110001101100001011010010010101010001010001011000010110110111100011001100100110100000011100
01000101001000110100101011000001011100110011010010001111010001010001000000010101110001011010001101100110001011101001001100000110011101100100010110000110010110000100000001010010010000111101110011011100100011000000100100111010010101010100100010100000011000000100010100100011010010101100000101110011001101001000111101000101000100000001010111000101101000110110011000101110100100110000011001110110010001011000011001011000010000000101001001000011110111001101110010001100000010010011101001010101010010001010000001100000
10111100000110100111110101001000011001000001110000001001100000010001101011011001000100000101011101101000101000100111101000000100001000010101100100011111111101000000011010100000100101001100001001111000011001011000110100010100111101011110000100011000101110001011110000011010011111010100100001100100000111000000100110000001000110101101100100010000010101110110100010100010011110100000010000100001010110010001111111110100000001101010000010010100110000100111100001100101100011010001010011110101111000010001100010111000
01000001000000000110000010111000100100010001100110001100000100001010000000000000101000100011110110010100011100110001010110001111100100001010010110110001000111010100000010111100101000100100101010001110010110101000110001100111010001011101011011000100001010100100000100000000011000001011100010010001000110011000110000010000101000000000000010100010001111011001010001110011000101011000111110010000101001011011000100011101010000001011110010100010010010101000111001011010100011000110011101000101110101101100010000101010
01100001110001001010000000010010000101010010001111110000010110011100100100000101101111000111010110000000100110000111000110100000101100000110000101110001101101110011101101111001001000011111110000011000101000000110110111010000010100010011110110100000000001010110000111000100101000000001001000010101001000111111000001011001110010010000010110111100011101011000000010011000011100011010000010110000011000010111000110110111001110110111100100100001111111000001100010100000011011011101000001010001001111011010000000000101
00001000011011101100100010001111001110100001100000001100011010011100100110111000010111010100110010000111110000000010101001100001001110110000100000000100000101100000100101111110110000001111000000000101001000010110111000101010010010110101100100011001000001110000100001101110110010001000111100111010000110000000110001101001110010011011100001011101010011001000011111000000001010100110000100111011000010000000010000010110000010010111111011000000111100000000010100100001011011100010101001001011010110010001100100000111
10001100001000000100001010000001001010010011101111000000000101111110101010001001110010000000100000001010100110010101110010000001011001010000101001010100010101001100000000010001001010010011110100000011101000110010000100100010000111000100110001001010010101001000110000100000010000101000000100101001001110111100000000010111111010101000100111001000000010000000101010011001010111001000000101100101000010100101010001010100110000000001000100101001001111010000001110100011001000010010001000011100010011000100101001010100
