Z checks
1111111100000000000000000000000000000000000000000000000000000000
0000000011111111000000000000000000000000000000000000000000000000
0000000000000000111111110000000000000000000000000000000000000000
0000000000000000000000001111111100000000000000000000000000000000
0000000000000000000000000000000011111111000000000000000000000000
0000000000000000000000000000000000000000111111110000000000000000
0000000000000000000000000000000000000000000000001111111100000000
0000000000000000000000000000000000000000000000000000000011111111
0100110101001101010011010100110100000000000000000000000000000000
0010101100101011001010110010101100000000000000000000000000000000
0001011100010111000101110001011100000000000000000000000000000000
0000000000000000000000000000000001001101010011010100110101001101
0000000000000000000000000000000000101011001010110010101100101011
0000000000000000000000000000000000010111000101110001011100010111
1001011001100110111100001111000010010110011001101111000011110000
1010110010011010000010100000000010101100100110100000101000000000
0011101010111000000110000011000000111010101110000001100000110000
0001100001110100010101101001000000011000011101000101011010010000
1100101011011000110100101100000011001010110110001101001011000000
1001101000110000000011001100000010011010001100000000110011000000
1110010010011100001001001001000011100100100111000010010010010000
0000101000011110100010001010000000001010000111101000100010100000
0110000000011110100000101100000001100000000111101000001011000000
0100001000110000100000100000000001000010001100001000001000000000
0101101010101010110011000000000001011010101010101100110000000000
0100010001011010001011100011000001000100010110100010111000110000

observable
1011010011000000101110000000000000000000000000000000000000000000

X checks
1111111100000000000000000000000000000000000000000000000000000000
0000000011111111000000000000000000000000000000000000000000000000
0000000000000000111111110000000000000000000000000000000000000000
0000000000000000000000001111111100000000000000000000000000000000
0000000000000000000000000000000011111111000000000000000000000000
0000000000000000000000000000000000000000111111110000000000000000
0000000000000000000000000000000000000000000000001111111100000000
0000000000000000000000000000000000000000000000000000000011111111
1100110011001100110011001100110000000000000000000000000000000000
1010101010101010101010101010101000000000000000000000000000000000
1001011010010110100101101001011000000000000000000000000000000000
0000000000000000000000000000000011001100110011001100110011001100
0000000000000000000000000000000010101010101010101010101010101010
0000000000000000000000000000000010010110100101101001011010010110
0010001000111100011111100110000000100010001111000111111001100000
1101001000001010001101101000100011010010000010100011011010001000
1100101000110000100110101000100011001010001100001001101010001000
1010000010111110111100001000100010100000101111101111000010001000
0111001000101110101000001100000001110010001011101010000011000000
1101001010111110010100000000000011010010101111100101000000000000
1100110010001110001001001110100011001100100011100010010011101000
1100101011000000000011000110000011001010110000000000110001100000
1010101000011110010110100110000010101010000111100101101001100000
1100110011100100011100101110100011001100111001000111001011101000
1101001010000010000011001000100011010010100000100000110010001000
0001001010000100000111100110000000010010100001000001111001100000
