Z checks
111111000000000000000000000000000000000000000000000000000000000000000000
000000111111000000000000000000000000000000000000000000000000000000000000
000000000000111111000000000000000000000000000000000000000000000000000000
000000000000000000111111000000000000000000000000000000000000000000000000
000000000000000000000000111111000000000000000000000000000000000000000000
000000000000000000000000000000111111000000000000000000000000000000000000
000000000000000000000000000000000000111111000000000000000000000000000000
000000000000000000000000000000000000000000111111000000000000000000000000
000000000000000000000000000000000000000000000000111111000000000000000000
000000000000000000000000000000000000000000000000000000111111000000000000
000000000000000000000000000000000000000000000000000000000000111111000000
000000000000000000000000000000000000000000000000000000000000000000111111
010001010001010001010001010001010001000000000000000000000000000000000000
001001001001001001001001001001001001000000000000000000000000000000000000
000101000101000101000101000101000101000000000000000000000000000000000000
000011000011000011000011000011000011000000000000000000000000000000000000
000000000000000000000000000000000000010001010001010001010001010001010001
000000000000000000000000000000000000001001001001001001001001001001001001
000000000000000000000000000000000000000101000101000101000101000101000101
000000000000000000000000000000000000000011000011000011000011000011000011
010100000110011000001010000000000000010100000110011000001010000000000000
100010000000111010010100001100000000100010000000111010010100001100000000
101000111100100100110000000000000000101000111100100100110000000000000000
010100001100001010011110001100000000010100001100001010011110001100000000
110000001010100010010010001010000000110000001010100010010010001010000000
111010000000101110000110010010000000111010000000101110000110010010000000
010010001010101000100010010010000000010010001010101000100010010010000000
100100100010101110110110011110000000100100100010101110110110011110000000
000110000000100100110110010100000000000110000000100100110110010100000000
100010000110011110010100101110000000100010000110011110010100101110000000
000000101000011110000110110000000000000000101000011110000110110000000000

observable
101110101000111010111100000000000000000000000000000000000000000000000000

X checks
111111000000000000000000000000000000000000000000000000000000000000000000
000000111111000000000000000000000000000000000000000000000000000000000000
000000000000111111000000000000000000000000000000000000000000000000000000
000000000000000000111111000000000000000000000000000000000000000000000000
000000000000000000000000111111000000000000000000000000000000000000000000
000000000000000000000000000000111111000000000000000000000000000000000000
000000000000000000000000000000000000111111000000000000000000000000000000
000000000000000000000000000000000000000000111111000000000000000000000000
000000000000000000000000000000000000000000000000111111000000000000000000
000000000000000000000000000000000000000000000000000000111111000000000000
000000000000000000000000000000000000000000000000000000000000111111000000
000000000000000000000000000000000000000000000000000000000000000000111111
110000110000110000110000110000110000000000000000000000000000000000000000
101000101000101000101000101000101000000000000000000000000000000000000000
100100100100100100100100100100100100000000000000000000000000000000000000
100010100010100010100010100010100010000000000000000000000000000000000000
000000000000000000000000000000000000110000110000110000110000110000110000
000000000000000000000000000000000000101000101000101000101000101000101000
000000000000000000000000000000000000100100100100100100100100100100100100
000000000000000000000000000000000000100010100010100010100010100010100010
010100011000011110010010000000000000010100011000011110010010000000000000
100100111010110110100010001010000000100100111010110110100010001010000000
010100110000111010011000000110000000010100110000111010011000000110000000
100010101110111100010010100010000000100010101110111100010010100010000000
010100100100111100101110100010000000010100100100111100101110100010000000
100100011110000000100010011000000000100100011110000000100010011000000000
101110101110000000111100111100000000101110101110000000111100111100000000
100010010100100100110110100100000000100010010100100100110110100100000000
000110010010001010010100001010000000000110010010001010010100001010000000
111010011110101000111100110000000000111010011110101000111100110000000000
000000111010000000001100110110000000000000111010000000001100110110000000
