Z checks
11111111000000000000000000000000000000000000000000000000000000000000000000000000
00000000111111110000000000000000000000000000000000000000000000000000000000000000
00000000000000001111111100000000000000000000000000000000000000000000000000000000
00000000000000000000000011111111000000000000000000000000000000000000000000000000
00000000000000000000000000000000111111110000000000000000000000000000000000000000
00000000000000000000000000000000000000001111111100000000000000000000000000000000
00000000000000000000000000000000000000000000000011111111000000000000000000000000
00000000000000000000000000000000000000000000000000000000111111110000000000000000
00000000000000000000000000000000000000000000000000000000000000001111111100000000
00000000000000000000000000000000000000000000000000000000000000000000000011111111
01001101010011010100110101001101010011010000000000000000000000000000000000000000
00101011001010110010101100101011001010110000000000000000000000000000000000000000
00010111000101110001011100010111000101110000000000000000000000000000000000000000
00000000000000000000000000000000000000000100110101001101010011010100110101001101
00000000000000000000000000000000000000000010101100101011001010110010101100101011
00000000000000000000000000000000000000000001011100010111000101110001011100010111
10010110000100101010000011100010101000001001011000010010101000001110001010100000
10100110001101100001010001110010100100001010011000110110000101000111001010010000
11110000101100100111100011111010110000001111000010110010011110001111101011000000
10001110111011100101011001111000110000001000111011101110010101100111100011000000
10100110100100000110000000100010101000001010011010010000011000000010001010100000
01110010101100100111001001111110111100000111001010110010011100100111111011110000
01010000110101000011000001110010101000000101000011010100001100000111001010100000
00100100100010000101011000011110001100000010010010001000010101100001111000110000
00101000101011000111100001101100100100000010100010101100011110000110110010010000
00011000011000001111000010011100110000000001100001100000111100001001110011000000
11011000011001101001000001110100000000001101100001100110100100000111010000000000
11101000011011001110010000100010111100001110100001101100111001000010001011110000

observable
11110110001010001011100000000000000000000000000000000000000000000000000000000000

X checks
11111111000000000000000000000000000000000000000000000000000000000000000000000000
00000000111111110000000000000000000000000000000000000000000000000000000000000000
00000000000000001111111100000000000000000000000000000000000000000000000000000000
00000000000000000000000011111111000000000000000000000000000000000000000000000000
00000000000000000000000000000000111111110000000000000000000000000000000000000000
00000000000000000000000000000000000000001111111100000000000000000000000000000000
00000000000000000000000000000000000000000000000011111111000000000000000000000000
00000000000000000000000000000000000000000000000000000000111111110000000000000000
00000000000000000000000000000000000000000000000000000000000000001111111100000000
00000000000000000000000000000000000000000000000000000000000000000000000011111111
10110010101100101011001010110010101100100000000000000000000000000000000000000000
11010100110101001101010011010100110101000000000000000000000000000000000000000000
11101000111010001110100011101000111010000000000000000000000000000000000000000000
00000000000000000000000000000000000000001011001010110010101100101011001010110010
00000000000000000000000000000000000000001101010011010100110101001101010011010100
00000000000000000000000000000000000000001110100011101000111010001110100011101000
01100000001000101100000000100100110000000110000000100010110000000010010011000000
10001110010110100100001000101000001100001000111001011010010000100010100000110000
10010000000101000110110000111010011000001001000000010100011011000011101001100000
11110110010001001011100001010000000000001111011001000100101110000101000000000000
10110100000001101001011000101110010100001011010000000110100101100010111001010000
00010100101001101110111011111010110000000001010010100110111011101111101011000000
11111010001100000111010011100010011000001111101000110000011101001110001001100000
01111110011101000011000001100000000000000111111001110100001100000110000000000000
00011110100011101001000001010110001100000001111010001110100100000101011000110000
01110100100001001111101010011010100100000111010010000100111110101001101010010000
01111000110111101111110001011100011000000111100011011110111111000101110001100000
01010000110111100101000001110100111100000101000011011110010100000111010011110000
