Z checks
111111110000000000000000000000000000000000000000000000000000000000000000000000000000000000000000
000000001111111100000000000000000000000000000000000000000000000000000000000000000000000000000000
000000000000000011111111000000000000000000000000000000000000000000000000000000000000000000000000
000000000000000000000000111111110000000000000000000000000000000000000000000000000000000000000000
000000000000000000000000000000001111111100000000000000000000000000000000000000000000000000000000
000000000000000000000000000000000000000011111111000000000000000000000000000000000000000000000000
000000000000000000000000000000000000000000000000111111110000000000000000000000000000000000000000
000000000000000000000000000000000000000000000000000000001111111100000000000000000000000000000000
000000000000000000000000000000000000000000000000000000000000000011111111000000000000000000000000
000000000000000000000000000000000000000000000000000000000000000000000000111111110000000000000000
000000000000000000000000000000000000000000000000000000000000000000000000000000001111111100000000
000000000000000000000000000000000000000000000000000000000000000000000000000000000000000011111111
010011010100110101001101010011010100110101001101000000000000000000000000000000000000000000000000
001010110010101100101011001010110010101100101011000000000000000000000000000000000000000000000000
000101110001011100010111000101110001011100010111000000000000000000000000000000000000000000000000
000000000000000000000000000000000000000000000000010011010100110101001101010011010100110101001101
000000000000000000000000000000000000000000000000001010110010101100101011001010110010101100101011
000000000000000000000000000000000000000000000000000101110001011100010111000101110001011100010111
011100101011100001110100010100001011111010100000011100101011100001110100010100001011111010100000
111010000000110001111000011000001111011010100000111010000000110001111000011000001111011010100000
111110100001001000111010101110000000011001010000111110100001001000111010101110000000011001010000
000100101110010011010010000111101001110011000000000100101110010011010010000111101001110011000000
010101101010101010001000111010001100000001100000010101101010101010001000111010001100000001100000
100000100011000001000100101000000011110011000000100000100011000001000100101000000011110011000000
110110000000000011000000100110100111100001010000110110000000000011000000100110100111100001010000
110110000010100001100110100111001100011000000000110110000010100001100110100111001100011000000000
100000100110011010011010001011100000101011110000100000100110011010011010001011100000101011110000
111111001010000010011100010100001010000000110000111111001010000010011100010100001010000000110000
000101000010001011000000110110000111100011000000000101000010001011000000110110000111100011000000
110101001110100001010000011100100100111001010000110101001110100001010000011100100100111001010000
101000000111001000010010111100001001101011110000101000000111001000010010111100001001101011110000
111111001111000001010000000011000101000000000000111111001111000001010000000011000101000000000000
010000100110011001110010111111001001110001010000010000100110011001110010111111001001110001010000

observable
111001001000100010100000000000000000000000000000000000000000000000000000000000000000000000000000

X checks
111111110000000000000000000000000000000000000000000000000000000000000000000000000000000000000000
000000001111111100000000000000000000000000000000000000000000000000000000000000000000000000000000
000000000000000011111111000000000000000000000000000000000000000000000000000000000000000000000000
000000000000000000000000111111110000000000000000000000000000000000000000000000000000000000000000
000000000000000000000000000000001111111100000000000000000000000000000000000000000000000000000000
000000000000000000000000000000000000000011111111000000000000000000000000000000000000000000000000
000000000000000000000000000000000000000000000000111111110000000000000000000000000000000000000000
000000000000000000000000000000000000000000000000000000001111111100000000000000000000000000000000
000000000000000000000000000000000000000000000000000000000000000011111111000000000000000000000000
000000000000000000000000000000000000000000000000000000000000000000000000111111110000000000000000
000000000000000000000000000000000000000000000000000000000000000000000000000000001111111100000000
000000000000000000000000000000000000000000000000000000000000000000000000000000000000000011111111
110011001100110011001100110011001100110011001100000000000000000000000000000000000000000000000000
101010101010101010101010101010101010101010101010000000000000000000000000000000000000000000000000
100101101001011010010110100101101001011010010110000000000000000000000000000000000000000000000000
000000000000000000000000000000000000000000000000110011001100110011001100110011001100110011001100
000000000000000000000000000000000000000000000000101010101010101010101010101010101010101010101010
000000000000000000000000000000000000000000000000100101101001011010010110100101101001011010010110
011101001011010011111100111101100010010010001000011101001011010011111100111101100010010010001000
100111001000111011110110111110100101000011000000100111001000111011110110111110100101000011000000
100110100010001010011100110000001000001011101000100110100010001010011100110000001000001011101000
111101100101101011000110010010000000101000101000111101100101101011000110010010000000101000101000
111100000001010011011000000110001110001001001000111100000001010011011000000110001110001001001000
010111001110001011001010001010000111001001001000010111001110001011001010001010000111001001001000
011001100101101011111010111110100010100011000000011001100101101011111010111110100010100011000000
101111101110100011000000011110000111010000101000101111101110100011000000011110000111010000101000
110111100110110000001100101010100111001000000000110111100110110000001100101010100111001000000000
011011000010010000101000100011101000111010001000011011000010010000101000100011101000111010001000
101111101100000010101010111110100000000001001000101111101100000010101010111110100000000001001000
000000000010111000100010010110100111100010100000000000000010111000100010010110100111100010100000
101111100000101011111010001011100000011011101000101111100000101011111010001011100000011011101000
101011000011011001110100010100000101011011101000101011000011011001110100010100000101011011101000
110000000101110011001010101001100100010001100000110000000101110011001010101001100100010001100000
