Z checks
111111111111111100000000000000000000000000000000000000000000000000000000000000000000000000000000
000000000000000011111111111111110000000000000000000000000000000000000000000000000000000000000000
000000000000000000000000000000001111111111111111000000000000000000000000000000000000000000000000
000000000000000000000000000000000000000000000000111111111111111100000000000000000000000000000000
000000000000000000000000000000000000000000000000000000000000000011111111111111110000000000000000
000000000000000000000000000000000000000000000000000000000000000000000000000000001111111111111111
010110100100110101011010010011010101101001001101010110100100110101011010010011010101101001001101
001001011100110100100101110011010010010111001101001001011100110100100101110011010010010111001101
000101101010101100010110101010110001011010101011000101101010101100010110101010110001011010101011
000010111001011100001011100101110000101110010111000010111001011100001011100101110000101110010111



X checks
111111111111111100000000000000000000000000000000000000000000000000000000000000000000000000000000
000000000000000011111111111111110000000000000000000000000000000000000000000000000000000000000000
000000000000000000000000000000001111111111111111000000000000000000000000000000000000000000000000
000000000000000000000000000000000000000000000000111111111111111100000000000000000000000000000000
000000000000000000000000000000000000000000000000000000000000000011111111111111110000000000000000
000000000000000000000000000000000000000000000000000000000000000000000000000000001111111111111111
110110100100110011011010010011001101101001001100110110100100110011011010010011001101101001001100
101001011100110010100101110011001010010111001100101001011100110010100101110011001010010111001100
100101101010101010010110101010101001011010101010100101101010101010010110101010101001011010101010
100010111001011010001011100101101000101110010110100010111001011010001011100101101000101110010110