Z checks
11111111000000000000000000000000000000000000000000000000000000000000000000000000
00000000111111110000000000000000000000000000000000000000000000000000000000000000
00000000000000001111111100000000000000000000000000000000000000000000000000000000
00000000000000000000000011111111000000000000000000000000000000000000000000000000
00000000000000000000000000000000111111110000000000000000000000000000000000000000
00000000000000000000000000000000000000001111111100000000000000000000000000000000
00000000000000000000000000000000000000000000000011111111000000000000000000000000
00000000000000000000000000000000000000000000000000000000111111110000000000000000
00000000000000000000000000000000000000000000000000000000000000001111111100000000
00000000000000000000000000000000000000000000000000000000000000000000000011111111
01001101010011010100110101001101010011010100110101001101010011010100110101001101
00101011001010110010101100101011001010110010101100101011001010110010101100101011
00010111000101110001011100010111000101110001011100010111000101110001011100010111

X checks
11111111000000000000000000000000000000000000000000000000000000000000000000000000
00000000111111110000000000000000000000000000000000000000000000000000000000000000
00000000000000001111111100000000000000000000000000000000000000000000000000000000
00000000000000000000000011111111000000000000000000000000000000000000000000000000
00000000000000000000000000000000111111110000000000000000000000000000000000000000
00000000000000000000000000000000000000001111111100000000000000000000000000000000
00000000000000000000000000000000000000000000000011111111000000000000000000000000
00000000000000000000000000000000000000000000000000000000111111110000000000000000
00000000000000000000000000000000000000000000000000000000000000001111111100000000
00000000000000000000000000000000000000000000000000000000000000000000000011111111
11001100110011001100110011001100110011001100110011001100110011001100110011001100
10101010101010101010101010101010101010101010101010101010101010101010101010101010
10010110100101101001011010010110100101101001011010010110100101101001011010010110