00110001110100010100011001001101000100000000000110111100001101110010101110010010100011100000000000000000
10100110001100010111101001111001101101011001100100101000111000001000101010110011010111010000000000000000
10110000110100101011100011001100010000100100010011011010100101100000100001011011001011001000000000000000
00101000111000110110101100000101001010101101110100001101010110000111111100010100000101000100000000000000
01110111101110111011000001110010000011011110011011001000010010100111001010001000100010000010000000000000
11111010100001101010100100010111000111010000110110111000000000010110100111101111010010000001000000000000
00100000010100001000100000100100001010111001011101100100000111011110011010001111001111000000100000000000
00110010101110010011000011001100100101101011110100100000110011001110111011101110000100000000010000000000
10000101000101000011010111100111111101011011000111110100010111110111010110100100100111000000001000000000
10111101000010001011001010000010110111001011111111010000111100001111010100000011010110000000000100000000
01010001100011001100011001010011010000111100011110100010101101000100111001101001001110000000000010000000
11110101110101011011111110000110000001001111001001101001010001110111010101001100000001000000000001000000
01011000011110111010101100011101100000010000111110100110011000011010011100001111100011000000000000100000
00000001101001000011111001000010011011100110100100001011001111101111101011000110110111000000000000010000
01110000010110000010100001000010001111001100101111100101100011000000011001011010111011000000000000001000
11011011111001100001000111010001100001101110110110111100001000000100111000101111111101000000000000000100
10011101011110010011111110001011110010001000100110111110000000110101110000101110011110000000000000000010
10011100101001111101110001111000011011001100110100101101110100001100100010000111001100000000000000000001
