110011001100101100011110001001110001011111110101111001101100001010110111000111101001010000100000000000000000000000
001001111110101000111000011000111101011010001110000111110001000100011110101100011100101110010000000000000000000000
110011000101001110110010101100000101010101111001011011010001111101111101111000001111111110001000000000000000000000
110100101100010111000001111111110101110111110100111010010011000010000111101101000111100001000100000000000000000000
100000111111000010000101100100010101110000011101100111111100100000101001010000100100011100000010000000000000000000
000001011111101101010010001000010010110001011011010100111011010011111011010011001011001000000001000000000000000000
111101101001010010011101101110000000011111100100010110101011011111001111110100111110110000000000100000000000000000
010010110001000000100111110100101000000011110011110100010111111001001001110111111001100001000000010000000000000000
011010011000110101011111110111001111101000011101001000010101010100010010000000101010100001000000001000000000000000
010110110000000000010111011111101010001011100100000001110110010110000011001101100001111000000000000100000000000000
001010000110001110000010010111011000010100100010011010100100000011001111001110101011100111000000000010000000000000
000000000111101001011110001010001011001100011110110100010011101100000000000001010111011011000000000001000000000000
000000001110100010100111001110101101000010100010001101110010010000010101111111100101001100000000000000100000000000
000101100000111011001000001101101100000101100001011001110101010110001100010101111000010111000000000000010000000000
101110011110110010011011101010010101010011011000011110111000011011111111101000010001100011000000000000001000000000
110001011101010001101100011001110101001111001000000111011011001010011101101011110100110010000000000000000100000000
001001000001111101110100010110011010111110000000000101000011101000011000010110010100100010000000000000000010000000
000100010111111010010101011101100011110110111011110100011011011110010110011100101001001000000000000000000001000000
001111101010010111001011000111100000111000101011101100100100100001100111100001100010100000000000000000000000100000
000001110111100001111010011101001110100000010001010010111110010010001010100100101001000101000000000000000000010000
011000010000100011111110000101011001000110100110011000011111011010011100110101101010011100000000000000000000001000
110010001000010001111110011101100100110011110111101101010011100000010110111100101101000010000000000000000000000100
011101001011110100100000001111100110011010001001000100010000100111001100000111100000110001000000000000000000000010
100100000000000000111011001000110111011010010111100101110101111001111000101011110100010100000000000000000000000001
