01010100110110101010100010010100111011110000010100010010000111110010000101100100101011110111111001100000000000000000000000
00000110110011000011101100111011000110011101011010101010101111101000011111001010010011111101011000010000000000000000000000
01010010010001011001011001111011111010001001111011011000100010101101010101110111001000111000011000001000000000000000000000
00111111111011010010110111001111010011011101001010101011111010010111000011110111000001000100011111000100000000000000000000
11000110000000100100101110100100100111111100010101111110001110100110111110001110001011111100110110000010000000000000000000
00101101101100100000011110110101111101001011011010110101111100110010101100100110101111000010010110000001000000000000000000
11000000111010010100011100111100111101110111011011101110000001110111100111000100101101101111101010000000100000000000000000
11010111000100000111100111001101011000011001010001011100011100001111010001111100011101101101001001000000010000000000000000
11100001011111010101111010111010101011101111111101100100101000011100011110001100110100110011111101000000001000000000000000
11011001000001101001101110100010101000111101100100010100110111000011110000010001001001101110101001000000000100000000000000
01000001111000000010000110001110000011010100000011011000111010110100110001111001011010111110111100000000000010000000000000
10110011110011010101100001001101001110110000000011011101101010011010111010101011100000010011011110000000000001000000000000
00110001111011010101010000111110011101110000111111101100110011100001111011101111011000010010010101000000000000100000000000
10110111011010101001101000101000110011111001011011000001010101010000010010000000010000000110000101000000000000010000000000
11111001010001111110101101110010101010010001110110001001011010011111111110110001111010001100110111000000000000001000000000
10000011101111111100111000000010001000111000000100110011100100100000010000111110010101010011111101000000000000000100000000
10100111100100100111101110001111110001001000101110111001010111001001001001010110011010111110000011000000000000000010000000
00101110010000110000110010100111110000000000010010001001010010000111011001111010110001000000111101000000000000000001000000
11001110100100110011011000011111101111101010110100100100100001110011111001110100100010100011000110000000000000000000100000
11000000100110010111100011000010001011010010010000100011001011110010010010011001001010011011111001000000000000000000010000
11011101001011001100001100111110111010111011101110000000010010110100001011100101100110100000111011000000000000000000001000
11110011111101110110001100001110011010010011001110000010110111101111111001100001001101011010100110000000000000000000000100
01100010110000111111001100110101000001110111001001011100110101001011111011110000010010001111100111000000000000000000000010
11000001111000101001100001001001010010100110111011000110001000010011000111011011000000111101001101000000000000000000000001
