1000000000000000000000010101010000010101001011000000010001101011010010001010110111000110010110100000101101011011101110110101101001101010011001000110000010000010000000
0100000000000000000000000110000100111111000110100000101000111110111000100011110001010001010110101111111101000011100110111000110000110111111101001100110010110011111110
0010000000000000000000000001101011101000001000111011100010111100111111001001010010101100001100100010001011100011101011110101010010111010101101000000011010010000011111
0001000000000000000000010111111011110011001100001100010001001100111100100001110000110001011011000011011110111100001111001011011110101111100110000001111100000101100101
0000100000000000000000010011110111000001000101110110100011011011100011001110001100100110011000011111101100010101101011101100101000000000100001111101100101110101110010
0000010000000000000000010101111111000000001010000111111101001110001000000100101110001100001000000100000000100110101111001101010100010110001000001100101011001010001011
0000001000000000000000010011000011101010000110110111100011011111110011011011100110110001111110000111100001010101111010110110001000000011001011010010010001101100100001
0000000100000000000000010100110011100010011101000000010001001011010001100010000011010111011111011101100001000011101100101111000111101101110010010101101101101101000001
0000000010000000000000010011010000001111011110100100010010101110101111100111000110000110100111011110001111111111110010011001101110001111001001101100100111011000101110
0000000001000000000000000101010111011101011010111001000111011010001001000000000011010000100111110100000110110001000101001111000001111111010010000011001100010101100001
0000000000100000000000000001100001000100000101001000010000011000010011110101011000011001000101101110000010010001000010100111010011110010000001000010010001111110110000
0000000000010000000000000001001011111010111101111010110001000000101000010011111001100101010010000100100101101111100110111010110011110000111001100111000111100100101110
0000000000001000000000010110111001000000100000000001001010110001111100010111100111100001001110100100001101111110001101101010101011101000101000001100001110010001011001
0000000000000100000000010111000100011110101110001000100110100110100000011010110001100000110100110100000101001101010001011100011000100100101110110001001100000000100011
0000000000000010000000010110000000101101010001011011011100011010010011110010010110011111010010001001000111001001101010000011110100101001111101000010000010110111010001
0000000000000001000000000011111000011110100001001001110101100101011110010011001001010111001110010010011000000000101000011111101001111010101001011110101011000111010000
0000000000000000100000010111111010011111110111100011101110001110110000000010000011101101111100001110011100110001111100010101100011001110001100001011001011110101011100
0000000000000000010000000001011110111111111111100110001111011000010100111111000001011010001011101001101110000000011001110100110111010001000000100111011101000001111010
0000000000000000001000000010000101010001111010011101111110100000001010111111011011101010001111111011001100010010111011010110010011001101101011011000101100101000111011
0000000000000000000100000111001000010000011111101010001000100010010110100011100001001010110010001111101111110011101101010111111100110101010010011010111011110101010101
0000000000000000000010010010101100011000001101100100101011000001111011110011100100100000001001110110111111001011111110101110010001010000011000010000111011101001000001
0000000000000000000001000111010011110010011100001110100010110001110110010001000111000101001010010110111101010010000100100000000010001111010111101001110100011000001001
0000000000000000000000100100111111011010011001100001100111110010010000101000000100101100101110101101100000010000010010001000100100101111001011001100110001011001011101
0000000000000000000000001011001101111011101001101011000001111110001000111000110100001001010001000000010101001100010101110010100100110101000000000001000010110101111100
