100000000000000000000000001011111011011010110010100101001101010111110001011010101101101001001110110111111100010001101110110001110000110001011110010111010111110110000110101110100001101000111000110000111011010110
010000000000000000000000011001010110101101111011110010001001001101010111010111011000000100101111110110000000110110111001000000110001101001111110000000111001011110011111001101011100111001010001110111110101000011
001000000000000000000000011110111000010101010010010001101010100111000111000110001110001111001110111100100011101111111000110101011110001001100011101001010000000010011100000010011101011110101101101111010110001011
000100000000000000000000011100001111110111101011000110010100110000101001010100110111100010101011111110100000011001001010100000010000101010000101010110001010111110101100101101001010111110111101001001000101011100
000010000000000000000000001110111101111100001110100100011110100001000100110100001111101101011110110110010101100101001001110100101110001110101000010010101010010100100011110111100001011000001010000110010000001000
000001000000000000000000000010111000011010111100000010000110110011110111011011110001101011001110000100000100011100110110101111000101000111110110101111101001000111101101100010100011001000001001011111001001011111
000000100000000000000000011101101110010100011010011111011001011110111001111000001011110000100100000100001100000110010011100100000001101001110001001110001011101101111110110100101011000000101011110001101010001011
000000010000000000000100000000000101110010100011000010011111101001011000110101111001110010111011000110100010111111111000110011110001000110110010011101000111011110011011010101100000001011110000100101100000100101
000000001000000000000100011100111111111000111000001110000001000010010010100101010100000000011001100111110011011100001000101011011111100100000011011110100111001111000100000010111110001000010010011111100011111110
000000000100000000000100010000011011100001011111010110101101110001110101110001010101001010110011100110100010001100100011000100111101100001011010110110010011010111100000011010100010110011101100011101010011001110
000000000010000000000000001001110111110011011011100001110111111111010110100100111000100100001001110010010101010001100011110011101101101100000110100001010101000111000001001000001111010010101100111001110011111010
000000000001000000000100001010100010000011001111110110010011011100000000000100110001010001101001110001000011111011111001010100010110010011100011011101001111101111010001001010001100111001000111000110011001100011
000000000000100000000000010101011100111100010000001000111001101111000001011110010101011011111101001010100010011100000111011000010110000011101111010100101101101000110011011001010110001000001101101100000111101001
000000000000010000000000010100111001110001100100000101101011001010001110100100101100001010101110110001111010000101101110011001100001101001001011001100001110010011010111100011010010010010111101110010101000000011
000000000000001000000000010011000100010011011010111100011100110111000010111001000110110001010010010011001000101000110011011000101111000011110001100110111101001011010010111100010000100011000100101010110101001000
000000000000000100000000001101011000001000011001110000110110011010001111110010000101100000011111100110010011101110000110010110101011011111000000000111100100010010011110000100110010101101101110111000001001110011
000000000000000010000100010011100100000111000101000001101010101100111110001110011001011001111110000100101111110011011100011111010100111010111110001010011010110010110011111100110111101000111011110010110010110010
000000000000000001000100001110011011010111000101100110010100000011111000010101001010100110110101111111011111101111111100011010100001101000000101110000011110100000110011000110011100011001100010100100010000011111
000000000000000000100100000000011110000001001111001001110000111011000010010000101111001010011111110000011101000100011110001010010101001000000000101101110011110100111011101011100100111100110000011001100001101100
000000000000000000010000000010000011110110111011101110011010101011101111001110010001001100111111011110100000000110000110010111110001010001001010010100100110101001101110010101011100000111001000100110111010000010
000000000000000000001100000011100111001111100110001101100011110001011111010010001111111111101100101111001000001101011111011101111110101111101001101111101001001000110010000001011001100100010111001011111110001110
000000000000000000000010001011011001000101110010010100100010001111111010000001000110101110101001111010111110001100101010111110111001100001111001111111000101001101010011110101110101001011001001001111000101110001
000000000000000000000001011011001101111101100010111101110110110001101101000111101100000001001011100100001100111101001000000011110111111000111100101100110101000000001010001101100111100011011101101110011110100011
000000000000000000000000101110001011001111101100110100100010011111001010110010001010111000110011010101010100111110010111110010111000110000000010011111011110111111100001100111010010101000111011111110010101000010
