111110100110110110001100111100110011100101001010111100000110011011001011010011010101110000100011111011011101000001010010010010111011100011100110000101010010010001001100011001001000001011100000000000000000000000000000
100111011011111000000111110011011001010000000011110100100011111110000111110011011000111010111111001101000110001010101001101100011100001111001011000110101100010110111011110001000011110010011000000000000000000000000000
111001101001111110011010010001111100111111001101101110110110000011001011110111000110111100101010101000010011101001101110110010111100101100100010011000101101011101011000110010111001110001000100000000000000000000000000
011010000110000011101111111000001011010100011110010000111001000100010110000111111000111110010001100101011111001100001000101000110001011100000111000001011011110011011011001111000001101000010011000000000000000000000000
111011101100101000101101001111100011010101100100111110000110110001101100111010110101010110110101011011001000110100011110110001100011110100001000111000010111001011001110100001011011110011010010100000000000000000000000
001001000100110000001111001110000111010110100101011100011110011010101101111001010101100101100111101011000101110000101010110000110000101001111001110000000001110101100000011000011011110101000000010000000000000000000000
010001000101000010010101000010010101011100010001101000001111011000011010010001100110001010010100001111111110101010010110000010101000011111101000100111110010110100100100100100000110111111000010001000000000000000000000
110011011111100100001010010001111101010101101011101110000111011111101010110001011111011110000110000111000011111111100001101000101011100100111001100111000111010110101100000100000010000010010010000100000000000000000000
101111100101101101010100111011101001000101100001101110100100011000010001000011001011011110000101001110001000011110111000100101111011000100110000010010100110010100101100011101101101111100000010000010000000000000000000
111000000001010000101111110011100011110000110101010001110101001100001010010001010001010001100110101100000000111001001011110010000011101111000111000011000111000011111011101110101010110011010010000001000000000000000000
111101001001111111010000100110111100100011000000101010111010011001001011101100001110001000110110011111011010011000010101010100100001000011010110100000011100100011011010001010000000000001000000000000100000000000000000
000101110101101110101101110010110010100001010011000110000010001010000111111000011111111010101111110000000111000111100100011101000110011010101111001001100111010111010011101000111110100001000010000000010000000000000000
110010101011111111101110001110000111001001101110111110001110000001100000110110011100011000100000110010100001101101100010001110011000101110010101011101101101010010110000101111001011110011010010000000001000000000000000
010000110100100110101111110000000011001111000110000001000001101011010011011011001111101010110011111101011010110001011100011000000001011101111101010100110111110101001100100111011001000110000000000000000100000000000000
110011110111110001000001110001001100010001010001100010010101000110100010010100001100000011010110001100100000111011001101010001101010110111010110011101111111111111111011000001101101101101010010000000000010000000000000
000111010101101110011001110001011011001011010101000111100111100111000100000101000110000000100111011000110101001000011101011000001111011100010001111011111110010110101101110100000101110111010010000000000001000000000000
010000100011101000110001011100111011000101000011101010010000101100111101001101011111000110110001010110110100111011110111010011000000011000101000101101101110011101101111000011001101100010000000000000000000100000000000
100111010001000111010010001011011111111110000010101010011010110110011010011001101011011011010000100001111000101001010000111001110101110110001011010010100111101101101000001010101001100010010000000000000000010000000000
010011000101001010010000001000111010010110000011000100111011000111111011101001111001001111101100011010000010011010001010111010010010000111000110110001111101000000101011101011010011000110010000000000000000001000000000
100100101010011100001010001001001010111010110001101110010101001000011011000100001100101001010101000101010110001000011111011101010000001011101100101101100010010100000000100000000111000110000000000000000000000100000000
010001101101100110101001110001100011111001101110111111111011001100101111110111101100001110000000100010111101101000110010110100100110111010010011011100010001101011111011011001000011101001000000000000000000000010000000
011010100100100100001000101110101110100001010100111011101100000010100110001101111111101000001001111110001000100001111001010011001110101011001011011100100011000011000001000101010000110101000010000000000000000001000000
110101011101001100001010101000011011010100111011100001010010110101000110101111011000111010101011111001111111110010110000000101010001000001110110100011011110100011100000011001101000001111000000000000000000000000100000
111000010100111000110001110111000100001010110101111010010001001001101010110111000011100000001010011111101010111000101101000101100101010000001101110010101100111000010010111000001110010000000010000000000000000000010000
001011011000111101000000111001100100000100000011000010010011010101100101111001001100000000011001110110110001100010000100111110101011010110110111110001101010100001110111110010101101010010010010000000000000000000001000
111001100110010000110100110011001010010111001101100010110011110101110000001011111010111111100101001010111100101001101000111000101111110011001010011001000101000000100100000011100101011010010000000000000000000000000100
010001000111101000111111101100110000101101101100000001010100101000100100110111110110101100101001111011001010100000001101001101100001100011000110001111111110000101110100110001010010101111000000000000000000000000000010
001001011110010010001011011001100001101111010000110000010101010010001110101000001110001000100101111111011100111111001000010000101000001011100111101111010010010100011010100000010100000000010000000000000000000000000001
