001110011001011000110000101010110111
011100010101100101011100110110111001
000100100011111000110000001000100010
101001010101010001000001000000111011
011100101010000010111001000001111010
100100110001111000000111001111000010
000110111000101011110001100011000100
111101010110110111111111001111010100
010111000011011111000010010001010000
111010011100010111110000001000101111
000001101101010111100111100000011101
110001111100011111100111101001100001
010110011010100111000001100100011101
110000000110011000101101101101111101
100111111101010101110000000000101011
010111010100100001001011110000011001