010000011000101100111101111111110001001100
011101111101011111111001110100011111010110
100100100011110100000010100001001011101111
100100100101001010111110100111000110011111
110111011010011010010000011111001000001000
011110010000000001110001011011111111000011
100111010110100111011001000101101100100101
010101100000011110111011001011111001000101
110111001010011000111101000100010111111000
011110000010111001100000011111010101010000
100111001101000111101100100011001011110101
100110100000100111001001100001011101001110
100111111010001110010000011000100110011001
010010111001000100111111101110101011100000
101110010010000100101001011110101010110100