001100100110100000111110100100000011010101001101
010101011100010110010100011101000100100110111000
110101010110100100101001110000001111011000010100
110000001101010000010010010110000111000011000110
010000111101111011101111000010000000010101100110
011100111000001011100111000011001111001001000011
100011101011011101000101111010110111110011111101
111000110111101011101001110111101101011100001100
010100000011111000000111100001001001001010000110
011010001000001110100100001111101110101000100010
011100101001111101111000010010110011111000100100
011000001100000000100000111111101010011101110111
100110111011010101100101101101000000000101110100
110111010101101001001000000000011010000100000011
010110000000011100100101000100001000011110111011
001101000011111011001001001010110000011110111110