1011100011101001101110010011110110000000000000000000
0001011000010110101011111001101001000000000000000000
0110100110111011111101000100110100100000000000000000
1110111010000100111000001001101100010000000000000000
0101111110010000101000001100100100001000000000000000
0001011100100001111010010101100100000100000000000000
1100000111110010100001111010100000000010000000000000
1000001001001001111000000101010000000001000000000000
0010001110010100010100111010101000000000100000000000
1111001101111010100010100101010100000000010000000000
0010001111100100010111111001011100000000001000000000
1011100100100000111111110100111100000000000100000000
1110010001111001110001101001101000000000000010000000
1000000010110111001010010111010000000000000001000000
0101000001100000111111010000001100000000000000100000
1110001001010010000011011000010100000000000000010000
1010101101110000000111000111111100000000000000001000
1111110101101010110111101011101100000000000000000100
0100011001011100110101100110000000000000000000000010
0101000110100101101000010000100100000000000000000001