101101100010110001111011001110001000001000000000000000
111101111010000000100010110110100000000100000000000000
010110110100101000010010100100111100110010000000000000
001111001010001100100001111010000011100001000000000000
111110001010101110110101100000000001110000100000000000
101100011111010110011111100110100001000000010000000000
110010011010000011001000011000110001100000001000000000
000010011110101000100010100101010100110000000100000000
101100101000010101000101011111011010100000000010000000
100010011001010011111100111100100001010000000001000000
011001000101000001111101100001111101010000000000100000
101000110010111000010110011000100011010000000000010000
011011000010011100111100110101101101010000000000001000
001100011111111111100001000000110110010000000000000100
010010000111010110000001110000101011110000000000000010
101110010100110011011011111101111000000000000000000001