000110101110010010011111101100011000101100111100100000000000
100011010111001001001111110110001100010110011110010000000000
010001101011100100100111111011000110001011001111001000000000
101110011011100000001100010001111011101001011011000100000000
110001100011100010011001100100100101011000010001000010000000
111110011111100011010011011110001010000000110100000001000000
011111001111110001101001101111000101000000011010000000100000
101111100111111000110100110111100010100000001101000000010000
110001011101101110000101110111101001111100111010000000001000
111000101110110111000010111011110100111110011101000000000100
011010111001001001111110110001100010110011110010000000000010
001101011100100100111111011000110001011001111001000000000001