111101111101010011010011000111101110001010010110101000000000000000
111011011100101001110010100000100110111100010011000100000000000000
011000001100010100100010010011000010100111010001110010000000000000
110100011001011001011001001101011110100000100110000001000000000000
111010001100101100101100100110101111010000010011000000100000000000
111101000110010110010110010011010111101000001001100000010000000000
111110100011001011001011001001101011110100000100110000001000000000
100010101100110110110110100011011011110000010100110000000100000000
101001001001001000010011010101010010001011000100100000000010000000
110100100100100100001001101010101001000101100010010000000001000000
000111101111000001010111110010111010101000100111100000000000100000
100110010101100000110000111010001100101101001011100000000000010000
110110101000110000000011011110010111101111111101100000000000001000
011110110110011000011010101100011010001110100110100000000000000100
101010111001001100010110010101011100111110001011000000000000000010
110000111110100110010000001001111111100110011101110000000000000001