1111111111111111111111111111111111111111000000000000000000000000000000
1111111111111111111111111110000000000000111111111111100000000000000000
1110001001110101010000111100001001100100011100111010010000000000000000
0111101100110110100110000001100101111000010111101101001100000000000000
1111010010101110011010001100101010101100001011110000000010000000000000
0110101010011110110001011111011011100000011010010101001001000000000000
1111100010001100100001101111100010010000100101010010001000100000000000
0110111011010111100110111010011100110000000001000011000000010000000000
1000111000000011001010011000100110100000001000101101001000001000000000
1011000110110001010111000100111010010010010010001110001000000100000000
1011100001010010101111011110010000000110000110100101001000000010000000
1000100010101100110011010111010010101110110100001010001000000001000000
1010111101000010011000101001101010101010000011011100001000000000100000
1100111011011001111100111001010111000000010101110011001000000000010000
1001110011001010010111101000010110010000000101100101000000000000001000
0100011111010000110111111101011110011010001010101110000000000000000100
1010000000111110011011101101100110000110101110110001001000000000000010
0111101100100100111011111000101110001100100001111010001000000000000001