1010011000001100100011100011011001001000000110000111010010100000110000000100
1011110110110010001000100101110010001110000111100010010001100000010000100000
1100011010101111101111100100001001101010010011100000110011101000010100000000
1100101011111001010100000111100000010100001101101110010010001000011000000000
1110110111100010010011100001100001101010100000101100000011101000100001000000
1001011001101001010110101001011011001100010110101100110001101001000000000000
1111000000001111011001101100110000000000011001100000000011001100000000000000
1100001111000011100101100000000010101010100101100101010100000000000000000000
1111111111111111111100001111000011110000111100001111000011110000000000000000
1100001100111100000000000000000000000000111111110000000000000000000000000000
1000100000011110101000001101001001110010100111000001010010001000100010000000
0101011000000011001001000011011010000100101100101011100010100000110000001000
0101101010100101110011001010101000111100110011000011110010101010000000000000
0010101111100111001000101010110011101000011110000001100001100000100000010000
0011110011000011111111110000000000000000000000000000000000000000000000000000
0011110011000011000000001111111100000000000000000000000000000000000000000000
0011110011000011000000000000000011111111000000000000000000000000000000000000
0000110001011001110101000011011010111000010000101000010010100000110000000010
0000001110101001011111100011011001110100111010000100100010100000110000000001
0000000011111111100101100000000010101010100101101010101000000000000000000000
