1111111111111111111111111111111111111111000000000000000000000000000000000000
0010101001010011011110011000011010111010001100010010110011111100000000000000
0110111100001011000010011011110101101110100111010110010111011001000000000000
1101100001010110000101001011000111101110111010010011001110100000100000000000
1001110100001110011001001000101000111010101110101000010101111010010000000000
0100010010110001111101010011010000110010001010011110001101001000001100000000
0001011011101111110011001110001101001000010011100010010010111010000010000000
1001111000100010110101010101000101111000100111101101110000100000000001000000
0111011011010100101000101101101111011000101100110100101100010000001000100000
0000000110011011110101101010010110110100010100101111111001101000000000010000
0100010011001100011001110001100001101110111001110101011010101010001000001000
0100010011001100011010001110011110101110111001101010100101001010001000000100
1000011111110011010000001011000000111000101001101001001101110000000000000010
0011110011000000110101111011011110010110101111111100001000111010001000000001
