10001101011101111110110010101010110011010001110100000000101110000010100000010110000000000000000000
00000100001001110111110100111100011001001111100110101010011010101110000110100100100000000000000000
11100010000000000101001100011000011011000100010010111100100011001111100010010001011000000000000000
00111001111100111011001110001101000111000001010001101110100001010100000111000100010100000000000000
00111000010000100111110010001011100001001100000000001011100100100100110001111000010010000000000000
11010000111101011101100101111000100011001010111110011111011000001111101000010100010001000000000000
11000011101001010001101111000101101100111111110000100110111011011100100101010100000000100000000000
00001001101111011100111110010010100111011111101110110101000011111101010000011000000000010000000000
01101110101000100001101100100111001110001000010010101001110010111010101001101100010000001000000000
00110010010110100100111011001111010010110110001010011011100111010100010111010001000000000100000000
00010010011011100000100001101111001111100010100100110010001010010001101110001000010000000010000000
00101111100111110001111111100100101001111010001001110000111100010001000110001100000000000001000000
00110100011011001101011101111101101111000100011100011110111001011000010001101001000000000000100000
10111111101000011111000010010011011001110011000011010110101100000101111111101101010000000000010000
10011010010101001000111011100010010101001011001101011011001000110011101001101100010000000000001000
10100010010111011111100011000011100010110000000000010001101001010100110110110001010000000000000100
11010010000100010111110010011111010001000010010110111000111101011010011101001001010000000000000010
10001111001011111001000001101011101010101010111111001010100111001100101010010001010000000000000001
