Z checks
111111111111111111110000000000000000000000000000000000000000000000000000000000000000000000000000000000000000000000000000
000000000000000000001111111111111111111100000000000000000000000000000000000000000000000000000000000000000000000000000000
000000000000000000000000000000000000000011111111111111111111000000000000000000000000000000000000000000000000000000000000
000000000000000000000000000000000000000000000000000000000000111111111111111111110000000000000000000000000000000000000000
000000000000000000000000000000000000000000000000000000000000000000000000000000001111111111111111111100000000000000000000
000000000000000000000000000000000000000000000000000000000000000000000000000000000000000000000000000011111111111111111111
011111111100000000010111111111000000000101111111110000000001011111111100000000010111111111000000000101111111110000000001
001100011011000110000011000110110001100000110001101100011000001100011011000110000011000110110001100000110001101100011000
000100100101001001110001001001010010011100010010010100100111000100100101001001110001001001010010011100010010010100100111
000010010100100101000000100101001001010000001001010010010100000010010100100101000000100101001001010000001001010010010100
000001001000010010110000010010000100101100000100100001001011000001001000010010110000010010000100101100000100100001001011


X checks
111111111111111111110000000000000000000000000000000000000000000000000000000000000000000000000000000000000000000000000000
000000000000000000001111111111111111111100000000000000000000000000000000000000000000000000000000000000000000000000000000
000000000000000000000000000000000000000011111111111111111111000000000000000000000000000000000000000000000000000000000000
000000000000000000000000000000000000000000000000000000000000111111111111111111110000000000000000000000000000000000000000
000000000000000000000000000000000000000000000000000000000000000000000000000000001111111111111111111100000000000000000000
000000000000000000000000000000000000000000000000000000000000000000000000000000000000000000000000000011111111111111111111
111111111100000000001111111111000000000011111111110000000000111111111100000000001111111111000000000011111111110000000000
001100011011000110000011000110110001100000110001101100011000001100011011000110000011000110110001100000110001101100011000
100100100101001001101001001001010010011010010010010100100110100100100101001001101001001001010010011010010010010100100110
000010010100100101000000100101001001010000001001010010010100000010010100100101000000100101001001010000001001010010010100
100001001000010010101000010010000100101010000100100001001010100001001000010010101000010010000100101010000100100001001010