Z checks
111111111111111111111111000000000000000000000000000000000000000000000000000000000000000000000000000000000000000000000000000000000000000000000000
000000000000000000000000111111111111111111111111000000000000000000000000000000000000000000000000000000000000000000000000000000000000000000000000
000000000000000000000000000000000000000000000000111111111111111111111111000000000000000000000000000000000000000000000000000000000000000000000000
000000000000000000000000000000000000000000000000000000000000000000000000111111111111111111111111000000000000000000000000000000000000000000000000
000000000000000000000000000000000000000000000000000000000000000000000000000000000000000000000000111111111111111111111111000000000000000000000000
000000000000000000000000000000000000000000000000000000000000000000000000000000000000000000000000000000000000000000000000111111111111111111111111
011111111111000000000001011111111111000000000001011111111111000000000001011111111111000000000001011111111111000000000001011111111111000000000001
001100011001110001100100001100011001110001100100001100011001110001100100001100011001110001100100001100011001110001100100001100011001110001100100
000100100110010010011011000100100110010010011011000100100110010010011011000100100110010010011011000100100110010010011011000100100110010010011011
000010010101001001010111000010010101001001010111000010010101001001010111000010010101001001010111000010010101001001010111000010010101001001010111
000001001011000100101111000001001011000100101111000001001011000100101111000001001011000100101111000001001011000100101111000001001011000100101111

X checks
111111111111111111111111000000000000000000000000000000000000000000000000000000000000000000000000000000000000000000000000000000000000000000000000
000000000000000000000000111111111111111111111111000000000000000000000000000000000000000000000000000000000000000000000000000000000000000000000000
000000000000000000000000000000000000000000000000111111111111111111111111000000000000000000000000000000000000000000000000000000000000000000000000
000000000000000000000000000000000000000000000000000000000000000000000000111111111111111111111111000000000000000000000000000000000000000000000000
000000000000000000000000000000000000000000000000000000000000000000000000000000000000000000000000111111111111111111111111000000000000000000000000
000000000000000000000000000000000000000000000000000000000000000000000000000000000000000000000000000000000000000000000000111111111111111111111111
111111111111000000000000111111111111000000000000111111111111000000000000111111111111000000000000111111111111000000000000111111111111000000000000
001100011001110001100100001100011001110001100100001100011001110001100100001100011001110001100100001100011001110001100100001100011001110001100100
100100100110010010011010100100100110010010011010100100100110010010011010100100100110010010011010100100100110010010011010100100100110010010011010
100010010101001001010110100010010101001001010110100010010101001001010110100010010101001001010110100010010101001001010110100010010101001001010110
100001001011000100101110100001001011000100101110100001001011000100101110100001001011000100101110100001001011000100101110100001001011000100101110
