Z checks
1111111100000000000000000000000000000000000000000000000000000000
0000000011111111000000000000000000000000000000000000000000000000
0000000000000000111111110000000000000000000000000000000000000000
0000000000000000000000001111111100000000000000000000000000000000
0000000000000000000000000000000011111111000000000000000000000000
0000000000000000000000000000000000000000111111110000000000000000
0000000000000000000000000000000000000000000000001111111100000000
0000000000000000000000000000000000000000000000000000000011111111
0100110101001101010011010100110101001101010011010100110101001101
0010101100101011001010110010101100101011001010110010101100101011
0001011100010111000101110001011100010111000101110001011100010111

X checks
1111111100000000000000000000000000000000000000000000000000000000
0000000011111111000000000000000000000000000000000000000000000000
0000000000000000111111110000000000000000000000000000000000000000
0000000000000000000000001111111100000000000000000000000000000000
0000000000000000000000000000000011111111000000000000000000000000
0000000000000000000000000000000000000000111111110000000000000000
0000000000000000000000000000000000000000000000001111111100000000
0000000000000000000000000000000000000000000000000000000011111111
1100110011001100110011001100110011001100110011001100110011001100
1010101010101010101010101010101010101010101010101010101010101010
1001011010010110100101101001011010010110100101101001011010010110