Z checks
1111111111111111111111000000000000000000000000000000000000000000000000000000000000000000
0000000000000000000000111111111111111111111100000000000000000000000000000000000000000000
0000000000000000000000000000000000000000000011111111111111111111110000000000000000000000
0000000000000000000000000000000000000000000000000000000000000000001111111111111111111111
0111111111100000000011011111111110000000001101111111111000000000110111111111100000000011
0010001111110001111001001000111111000111100100100011111100011110010010001111110001111001
0001001001101001001100000100100110100100110000010010011010010011000001001001101001001100
0000100101000100101011000010010100010010101100001001010001001010110000100101000100101011
0000010010100010010111000001001010001001011100000100101000100101110000010010100010010111




X checks
1111111111111111111111000000000000000000000000000000000000000000000000000000000000000000
0000000000000000000000111111111111111111111100000000000000000000000000000000000000000000
0000000000000000000000000000000000000000000011111111111111111111110000000000000000000000
0000000000000000000000000000000000000000000000000000000000000000001111111111111111111111
1111111111100000000010111111111110000000001011111111111000000000101111111111100000000010
1010001111110001111000101000111111000111100010100011111100011110001010001111110001111000
0001001001101001001100000100100110100100110000010010011010010011000001001001101001001100
1000100101000100101010100010010100010010101010001001010001001010101000100101000100101010
1000010010100010010110100001001010001001011010000100101000100101101000010010100010010110