Z checks
111111111111000000000000000000000000000000000000000000000000000000000000000000000000000000000000000000000000000000000000000000000000000000000000000000000000000000000000000000000000000000000000000000000000000000000000000000000000000000000000
000000000000111111111111000000000000000000000000000000000000000000000000000000000000000000000000000000000000000000000000000000000000000000000000000000000000000000000000000000000000000000000000000000000000000000000000000000000000000000000000
000000000000000000000000111111111111000000000000000000000000000000000000000000000000000000000000000000000000000000000000000000000000000000000000000000000000000000000000000000000000000000000000000000000000000000000000000000000000000000000000
000000000000000000000000000000000000111111111111000000000000000000000000000000000000000000000000000000000000000000000000000000000000000000000000000000000000000000000000000000000000000000000000000000000000000000000000000000000000000000000000
000000000000000000000000000000000000000000000000111111111111000000000000000000000000000000000000000000000000000000000000000000000000000000000000000000000000000000000000000000000000000000000000000000000000000000000000000000000000000000000000
000000000000000000000000000000000000000000000000000000000000111111111111000000000000000000000000000000000000000000000000000000000000000000000000000000000000000000000000000000000000000000000000000000000000000000000000000000000000000000000000
000000000000000000000000000000000000000000000000000000000000000000000000111111111111000000000000000000000000000000000000000000000000000000000000000000000000000000000000000000000000000000000000000000000000000000000000000000000000000000000000
000000000000000000000000000000000000000000000000000000000000000000000000000000000000111111111111000000000000000000000000000000000000000000000000000000000000000000000000000000000000000000000000000000000000000000000000000000000000000000000000
000000000000000000000000000000000000000000000000000000000000000000000000000000000000000000000000111111111111000000000000000000000000000000000000000000000000000000000000000000000000000000000000000000000000000000000000000000000000000000000000
000000000000000000000000000000000000000000000000000000000000000000000000000000000000000000000000000000000000111111111111000000000000000000000000000000000000000000000000000000000000000000000000000000000000000000000000000000000000000000000000
000000000000000000000000000000000000000000000000000000000000000000000000000000000000000000000000000000000000000000000000111111111111000000000000000000000000000000000000000000000000000000000000000000000000000000000000000000000000000000000000
000000000000000000000000000000000000000000000000000000000000000000000000000000000000000000000000000000000000000000000000000000000000111111111111000000000000000000000000000000000000000000000000000000000000000000000000000000000000000000000000
000000000000000000000000000000000000000000000000000000000000000000000000000000000000000000000000000000000000000000000000000000000000000000000000111111111111000000000000000000000000000000000000000000000000000000000000000000000000000000000000
000000000000000000000000000000000000000000000000000000000000000000000000000000000000000000000000000000000000000000000000000000000000000000000000000000000000111111111111000000000000000000000000000000000000000000000000000000000000000000000000
000000000000000000000000000000000000000000000000000000000000000000000000000000000000000000000000000000000000000000000000000000000000000000000000000000000000000000000000111111111111000000000000000000000000000000000000000000000000000000000000
000000000000000000000000000000000000000000000000000000000000000000000000000000000000000000000000000000000000000000000000000000000000000000000000000000000000000000000000000000000000111111111111000000000000000000000000000000000000000000000000
000000000000000000000000000000000000000000000000000000000000000000000000000000000000000000000000000000000000000000000000000000000000000000000000000000000000000000000000000000000000000000000000111111111111000000000000000000000000000000000000
000000000000000000000000000000000000000000000000000000000000000000000000000000000000000000000000000000000000000000000000000000000000000000000000000000000000000000000000000000000000000000000000000000000000111111111111000000000000000000000000
000000000000000000000000000000000000000000000000000000000000000000000000000000000000000000000000000000000000000000000000000000000000000000000000000000000000000000000000000000000000000000000000000000000000000000000000111111111111000000000000
000000000000000000000000000000000000000000000000000000000000000000000000000000000000000000000000000000000000000000000000000000000000000000000000000000000000000000000000000000000000000000000000000000000000000000000000000000000000111111111111
011101100100011101100100011101100100011101100100011101100100011101100100011101100100011101100100011101100100011101100100000000000000000000000000000000000000000000000000000000000000000000000000000000000000000000000000000000000000000000000000
001010111010001010111010001010111010001010111010001010111010001010111010001010111010001010111010001010111010001010111010000000000000000000000000000000000000000000000000000000000000000000000000000000000000000000000000000000000000000000000000
000100101111000100101111000100101111000100101111000100101111000100101111000100101111000100101111000100101111000100101111000000000000000000000000000000000000000000000000000000000000000000000000000000000000000000000000000000000000000000000000
000011001100000011001100000011001100000011001100000011001100000011001100000011001100000011001100000011001100000011001100000000000000000000000000000000000000000000000000000000000000000000000000000000000000000000000000000000000000000000000000
000000000000000000000000000000000000000000000000000000000000000000000000000000000000000000000000000000000000000000000000011101100100011101100100011101100100011101100100011101100100011101100100011101100100011101100100011101100100011101100100
000000000000000000000000000000000000000000000000000000000000000000000000000000000000000000000000000000000000000000000000001010111010001010111010001010111010001010111010001010111010001010111010001010111010001010111010001010111010001010111010
000000000000000000000000000000000000000000000000000000000000000000000000000000000000000000000000000000000000000000000000000100101111000100101111000100101111000100101111000100101111000100101111000100101111000100101111000100101111000100101111
000000000000000000000000000000000000000000000000000000000000000000000000000000000000000000000000000000000000000000000000000011001100000011001100000011001100000011001100000011001100000011001100000011001100000011001100000011001100000011001100
100011100110011101001100011011110000100000100110110100111110111001011000111101101010101010001000010111010100110100100000100011100110011101001100011011110000100000100110110100111110111001011000111101101010101010001000010111010100110100100000
001011110100001110010110000000110000111000111110111011011100011111110100110111110010110110011000011100001000001010000000001011110100001110010110000000110000111000111110111011011100011111110100110111110010110110011000011100001000001010000000
100000110010100011110010101101101110111001110000010011101100001010100010000110111010000110001100111101001110111001000000100000110010100011110010101101101110111001110000010011101100001010100010000110111010000110001100111101001110111001000000
010110111110001101010000001011100110000000100010001011101010111001100100011100010110001000001000000110100100111011100000010110111110001101010000001011100110000000100010001011101010111001100100011100010110001000001000000110100100111011100000
001010101000111110011010000110101110001001001100001111010010011101010010111101011100110111100000111110001000010100000000001010101000111110011010000110101110001001001100001111010010011101010010111101011100110111100000111110001000010100000000
101000001010000011010010110000000000110111010110001100000000001010100010111101100000101101100010011101111010100001000000101000001010000011010010110000000000110111010110001100000000001010100010111101100000101101100010011101111010100001000000
101010100000110111111000010100001100101000100100010010001100001010111010010010000000010110000100000010011010011001100000101010100000110111111000010100001100101000100100010010001100001010111010010010000000010110000100000010011010011001100000
011011000000110011110000111100101000001100001100001111010100001010010100100011110100111011000100011110110000100010000000011011000000110011110000111100101000001100001100001111010100001010010100100011110100111011000100011110110000100010000000
000111000100011001111000111110100110100011000100111010001010111101101100000100000010111001010010100101100110000100100000000111000100011001111000111110100110100011000100111010001010111101101100000100000010111001010010100101100110000100100000
011010001110100100000000001001000110110001101100000001101100101111010000101111011010010000001000000000101000001100000000011010001110100100000000001001000110110001101100000001101100101111010000101111011010010000001000000000101000001100000000
111011001000000110001010001000000010010011010000011111010110010110000100100011110100110000010010101001010110000001100000111011001000000110001010001000000010010011010000011111010110010110000100100011110100110000010010101001010110000001100000
100111101110011101000110110011100100010111000000101101001010111101111000111001010100001110101100101101111010111011100000100111101110011101000110110011100100010111000000101101001010111101111000111001010100001110101100101101111010111011100000
010010100100100010100010100001010100101110111010000101001010000000001100001000000100001011001000110001001110101000000000010010100100100010100010100001010100101110111010000101001010000000001100001000000100001011001000110001001110101000000000
000110111010110101101000101111011100011111000100000001111110010011101010101011101000011011010010100100001010100010000000000110111010110101101000101111011100011111000100000001111110010011101010101011101000011011010010100100001010100010000000
011010110100101101110110110100100000011100101010101011111010111011101100100001011110110100111000111011010110000110000000011010110100101101110110110100100000011100101010101011111010111011101100100001011110110100111000111011010110000110000000
111110111000010001000000111101010000111011011010000010011100011100011100100011010000100001000110111101000100001000100000111110111000010001000000111101010000111011011010000010011100011100011100100011010000100001000110111101000100001000100000
000110010100101111110100010010010010011111011100000111101100011011110000100110110100000001010000101000001010000100100000000110010100101111110100010010010010011111011100000111101100011011110000100110110100000001010000101000001010000100100000
111100111010100001001100000111101100111011101100101101001100110011111010011111101010110000010100001101101010011011000000111100111010100001001100000111101100111011101100101101001100110011111010011111101010110000010100001101101010011011000000
011010101010110010111110101101000000101100000010100011101100011011011110100111001010100011010000110110111100000111100000011010101010110010111110101101000000101100000010100011101100011011011110100111001010100011010000110110111100000111100000
100100001100010001000110100000000100101010001110001110001000101101001100010001100100001001001010111101101010111001000000100100001100010001000110100000000100101010001110001110001000101101001100010001100100001001001010111101101010111001000000

X checks
111111111111000000000000000000000000000000000000000000000000000000000000000000000000000000000000000000000000000000000000000000000000000000000000000000000000000000000000000000000000000000000000000000000000000000000000000000000000000000000000
000000000000111111111111000000000000000000000000000000000000000000000000000000000000000000000000000000000000000000000000000000000000000000000000000000000000000000000000000000000000000000000000000000000000000000000000000000000000000000000000
000000000000000000000000111111111111000000000000000000000000000000000000000000000000000000000000000000000000000000000000000000000000000000000000000000000000000000000000000000000000000000000000000000000000000000000000000000000000000000000000
000000000000000000000000000000000000111111111111000000000000000000000000000000000000000000000000000000000000000000000000000000000000000000000000000000000000000000000000000000000000000000000000000000000000000000000000000000000000000000000000
000000000000000000000000000000000000000000000000111111111111000000000000000000000000000000000000000000000000000000000000000000000000000000000000000000000000000000000000000000000000000000000000000000000000000000000000000000000000000000000000
000000000000000000000000000000000000000000000000000000000000111111111111000000000000000000000000000000000000000000000000000000000000000000000000000000000000000000000000000000000000000000000000000000000000000000000000000000000000000000000000
000000000000000000000000000000000000000000000000000000000000000000000000111111111111000000000000000000000000000000000000000000000000000000000000000000000000000000000000000000000000000000000000000000000000000000000000000000000000000000000000
000000000000000000000000000000000000000000000000000000000000000000000000000000000000111111111111000000000000000000000000000000000000000000000000000000000000000000000000000000000000000000000000000000000000000000000000000000000000000000000000
000000000000000000000000000000000000000000000000000000000000000000000000000000000000000000000000111111111111000000000000000000000000000000000000000000000000000000000000000000000000000000000000000000000000000000000000000000000000000000000000
000000000000000000000000000000000000000000000000000000000000000000000000000000000000000000000000000000000000111111111111000000000000000000000000000000000000000000000000000000000000000000000000000000000000000000000000000000000000000000000000
000000000000000000000000000000000000000000000000000000000000000000000000000000000000000000000000000000000000000000000000111111111111000000000000000000000000000000000000000000000000000000000000000000000000000000000000000000000000000000000000
000000000000000000000000000000000000000000000000000000000000000000000000000000000000000000000000000000000000000000000000000000000000111111111111000000000000000000000000000000000000000000000000000000000000000000000000000000000000000000000000
000000000000000000000000000000000000000000000000000000000000000000000000000000000000000000000000000000000000000000000000000000000000000000000000111111111111000000000000000000000000000000000000000000000000000000000000000000000000000000000000
000000000000000000000000000000000000000000000000000000000000000000000000000000000000000000000000000000000000000000000000000000000000000000000000000000000000111111111111000000000000000000000000000000000000000000000000000000000000000000000000
000000000000000000000000000000000000000000000000000000000000000000000000000000000000000000000000000000000000000000000000000000000000000000000000000000000000000000000000111111111111000000000000000000000000000000000000000000000000000000000000
000000000000000000000000000000000000000000000000000000000000000000000000000000000000000000000000000000000000000000000000000000000000000000000000000000000000000000000000000000000000111111111111000000000000000000000000000000000000000000000000
000000000000000000000000000000000000000000000000000000000000000000000000000000000000000000000000000000000000000000000000000000000000000000000000000000000000000000000000000000000000000000000000111111111111000000000000000000000000000000000000
000000000000000000000000000000000000000000000000000000000000000000000000000000000000000000000000000000000000000000000000000000000000000000000000000000000000000000000000000000000000000000000000000000000000111111111111000000000000000000000000
000000000000000000000000000000000000000000000000000000000000000000000000000000000000000000000000000000000000000000000000000000000000000000000000000000000000000000000000000000000000000000000000000000000000000000000000111111111111000000000000
000000000000000000000000000000000000000000000000000000000000000000000000000000000000000000000000000000000000000000000000000000000000000000000000000000000000000000000000000000000000000000000000000000000000000000000000000000000000111111111111
011101100100011101100100011101100100011101100100011101100100011101100100011101100100011101100100011101100100011101100100000000000000000000000000000000000000000000000000000000000000000000000000000000000000000000000000000000000000000000000000
001010111010001010111010001010111010001010111010001010111010001010111010001010111010001010111010001010111010001010111010000000000000000000000000000000000000000000000000000000000000000000000000000000000000000000000000000000000000000000000000
100100101110100100101110100100101110100100101110100100101110100100101110100100101110100100101110100100101110100100101110000000000000000000000000000000000000000000000000000000000000000000000000000000000000000000000000000000000000000000000000
000011001100000011001100000011001100000011001100000011001100000011001100000011001100000011001100000011001100000011001100000000000000000000000000000000000000000000000000000000000000000000000000000000000000000000000000000000000000000000000000
000000000000000000000000000000000000000000000000000000000000000000000000000000000000000000000000000000000000000000000000011101100100011101100100011101100100011101100100011101100100011101100100011101100100011101100100011101100100011101100100
000000000000000000000000000000000000000000000000000000000000000000000000000000000000000000000000000000000000000000000000001010111010001010111010001010111010001010111010001010111010001010111010001010111010001010111010001010111010001010111010
000000000000000000000000000000000000000000000000000000000000000000000000000000000000000000000000000000000000000000000000100100101110100100101110100100101110100100101110100100101110100100101110100100101110100100101110100100101110100100101110
000000000000000000000000000000000000000000000000000000000000000000000000000000000000000000000000000000000000000000000000000011001100000011001100000011001100000011001100000011001100000011001100000011001100000011001100000011001100000011001100
001011011100010111110110010001001010110101100010100001111010101100011100101000101110111111001100011101101110011110000000001011011100010111110110010001001010110101100010100001111010101100011100101000101110111111001100011101101110011110000000
001011001110000100101100001010001010101101111010101110011000010101001110100010110110100011011100010110110010111111000000001011001110000100101100001010001010101101111010101110011000010101001110100010110110100011011100010110110010111111000000
101000010010101011010010100101001110110001010000000100110010011101111100010001100100010001010010110101101110110001100000101000010010101011010010100101001110110001010000000100110010011101111100010001100100010001010010110101101110110001100000
100001101000010011111000010101001110011110001010010101000010111000110010000010111110010110100000011000001100000101000000100001101000010011111000010101001110011110001010010101000010111000110010000010111110010110100000011000001100000101000000
001010010010101011011110001100010100000011110110000101101000010111101000101000011000100010100100101011001100100001000000001010010010101011011110001100010100000011110110000101101000010111101000101000011000100010100100101011001100100001000000
000000001010000011010010101111111110101000101000001100000000001010100010100010011110110010011100011101111010111110100000000000001010000011010010101111111110101000101000001100000000001010100010100010011110110010011100011101111010111110100000
110101100100100010111100011110110110111101100000011000110110000000000000011000111010011100111110001000100000101100100000110101100100100010111100011110110110111101100000011000110110000000000000011000111010011100111110001000100000101100100000
000100111000010110001000011001010000110110001010110101010010110000010010000110001100011110111100100100110110000111100000000100111000010110001000011001010000110110001010110101010010110000010010000110001100011110111100100100110110000111100000
101111010000110111101100001111001100010010101110001011100000001100000110101010010110001000111000010100001100101010100000101111010000110111101100001111001100010010101110001011100000001100000110101010010110001000111000010100001100101010100000
010010101000010110100110100100011110000011001010101100110100011101110110011101111100111101010000101101110000100001000000010010101000010110100110100100011110000011001010101100110100011101110110011101111100111101010000101101110000100001000000
101100010000101011010010100101011010111110001000110010001110111011011100010001010010000010110100011011110000101100100000101100010000101011010010100101011010111110001000110010001110111011011100010001010010000010110100011011110000101100100000
000111011010100100001100010101010000101110001010001011111110011011001100011111100000110111100110001011001110011101000000000111011010100100001100010101010000101110001010001011111110011011001100011111100000110111100110001011001110011101000000
101101111100010000000100010011110010011100011100101000010010101101010100100101011100100110010000000011101000011010100000101101111100010000000100010011110010011100011100101000010010101101010100100101011100100110010000000011101000011010100000
111001110000010011011100001001101000100110001110111000110100101010100000001101011100100010011000000010111110000100100000111001110000010011011100001001101000100110001110111000110100101010100000001101011100100010011000000010111110000100100000
010010010010011111010000000110000110110001110010011001011100001001001010010011111000000110011110001001110000101011000000010010010010011111010000000110000110110001110010011001011100001001001010010011111000000110011110001001110000101011000000
100001101110001111101000111100000110111010001100011100110100000010110100100010000110100000010000111100010010101001100000100001101110001111101000111100000110111010001100011100110100000010110100100010000110100000010000111100010010101001100000
101110000000011110011110111100000110110001001000101001111000110101100100010111011110101111000100011001100000101010100000101110000000011110011110111100000110110001001000101001111000110101100100010111011110101111000100011001100000101010100000
000011110110111101111110000100100000100111011110110001111110101111001000011100100110101100100110001110100110011000000000000011110110111101111110000100100000100111011110110001111110101111001000011100100110101100100110001110100110011000000000
010010001100000000011000011111100110011110100100010001001010110110000110010101101100010001110110000100011010101010100000010010001100000000011000011111100110011110100100010001001010110110000110010101101100010001110110000100011010101010100000
100100100010110101101000011011010100010001011110101010100110010110011100110101001010101101100100000110111010111101100000100100100010110101101000011011010100010001011110101010100110010110011100110101001010101101100100000110111010111101100000
