Z checks
1111111100000000000000000000000000000000000000000000000000000000000000000000000000000000000000000000000000000000
0000000011111111000000000000000000000000000000000000000000000000000000000000000000000000000000000000000000000000
0000000000000000111111110000000000000000000000000000000000000000000000000000000000000000000000000000000000000000
0000000000000000000000001111111100000000000000000000000000000000000000000000000000000000000000000000000000000000
0000000000000000000000000000000011111111000000000000000000000000000000000000000000000000000000000000000000000000
0000000000000000000000000000000000000000111111110000000000000000000000000000000000000000000000000000000000000000
0000000000000000000000000000000000000000000000001111111100000000000000000000000000000000000000000000000000000000
0000000000000000000000000000000000000000000000000000000011111111000000000000000000000000000000000000000000000000
0000000000000000000000000000000000000000000000000000000000000000111111110000000000000000000000000000000000000000
0000000000000000000000000000000000000000000000000000000000000000000000001111111100000000000000000000000000000000
0000000000000000000000000000000000000000000000000000000000000000000000000000000011111111000000000000000000000000
0000000000000000000000000000000000000000000000000000000000000000000000000000000000000000111111110000000000000000
0000000000000000000000000000000000000000000000000000000000000000000000000000000000000000000000001111111100000000
0000000000000000000000000000000000000000000000000000000000000000000000000000000000000000000000000000000011111111
0100110101001101010011010100110101001101010011010100110100000000000000000000000000000000000000000000000000000000
0010101100101011001010110010101100101011001010110010101100000000000000000000000000000000000000000000000000000000
0001011100010111000101110001011100010111000101110001011100000000000000000000000000000000000000000000000000000000
0000000000000000000000000000000000000000000000000000000001001101010011010100110101001101010011010100110101001101
0000000000000000000000000000000000000000000000000000000000101011001010110010101100101011001010110010101100101011
0000000000000000000000000000000000000000000000000000000000010111000101110001011100010111000101110001011100010111
1001000010001110100110010001100000110000101010101011011110010000100011101001100100011000001100001010101010110111
1100000010011100100101011010010110011100001101100011100111000000100111001001010110100101100111000011011000111001
1010000010000100101000111011100000110000100010000010001010100000100001001010001110111000001100001000100000100010
0000000010101001100101010001000110000001000000001011101100000000101010011001010100010001100000010000000010111011
0101000010011100101010101000001000111001100000010011101001010000100111001010101010000010001110011000000100111010
0011000000100100101100011011100010000111000011111000001000110000001001001011000110111000100001110000111110000010
1100000000000110101110000010101110110001101000111000010011000000000001101011100000101011101100011010001110000100
0101000010111101100101101011011100111111000011110001010001010000101111011001011010110111001111110000111100010100
0110000000010111000000111001111110000010000100011001000001100000000101110000001110011111100000100001000110010000
1100000000111010100111000001011100110000100010001010111111000000001110101001110000010111001100001000100010101111
0101000010000001001011010001011100100111101000000001110101010000100000010010110100010111001001111010000000011101
1111000010110001001111001001111100100111101010010010000111110000101100010011110010011111001001111010100100100001
0101000010010110100110100010011110000001001001000001110101010000100101101001101000100111100000010010010000011101
0101000000110000000001100001100000101101001011011011110101010000001100000000011000011000001011010010110110111101
1100000000100111101111011001010100110000000000000010101111000000001001111011110110010101001100000000000000101011
0000000000010111000101000010000110001011001100001001100100000000000101110001010000100001100010110011000010011001

X checks
1111111100000000000000000000000000000000000000000000000000000000000000000000000000000000000000000000000000000000
0000000011111111000000000000000000000000000000000000000000000000000000000000000000000000000000000000000000000000
0000000000000000111111110000000000000000000000000000000000000000000000000000000000000000000000000000000000000000
0000000000000000000000001111111100000000000000000000000000000000000000000000000000000000000000000000000000000000
0000000000000000000000000000000011111111000000000000000000000000000000000000000000000000000000000000000000000000
0000000000000000000000000000000000000000111111110000000000000000000000000000000000000000000000000000000000000000
0000000000000000000000000000000000000000000000001111111100000000000000000000000000000000000000000000000000000000
0000000000000000000000000000000000000000000000000000000011111111000000000000000000000000000000000000000000000000
0000000000000000000000000000000000000000000000000000000000000000111111110000000000000000000000000000000000000000
0000000000000000000000000000000000000000000000000000000000000000000000001111111100000000000000000000000000000000
0000000000000000000000000000000000000000000000000000000000000000000000000000000011111111000000000000000000000000
0000000000000000000000000000000000000000000000000000000000000000000000000000000000000000111111110000000000000000
0000000000000000000000000000000000000000000000000000000000000000000000000000000000000000000000001111111100000000
0000000000000000000000000000000000000000000000000000000000000000000000000000000000000000000000000000000011111111
1011001010110010101100101011001010110010101100101011001000000000000000000000000000000000000000000000000000000000
1101010011010100110101001101010011010100110101001101010000000000000000000000000000000000000000000000000000000000
1110100011101000111010001110100011101000111010001110100000000000000000000000000000000000000000000000000000000000
0000000000000000000000000000000000000000000000000000000010110010101100101011001010110010101100101011001010110010
0000000000000000000000000000000000000000000000000000000011010100110101001101010011010100110101001101010011010100
0000000000000000000000000000000000000000000000000000000011101000111010001110100011101000111010001110100011101000
0000100101001110010110010001100000110000011010100111011100001001010011100101100100011000001100000110101001110111
0000001101011100010101010110010101011100001101100011100100000011010111000101010101100101010111000011011000111001
0000010101000100011000110111100000110000010010000010001000000101010001000110001101111000001100000100100000100010
0000000001101001010101010001000101000001000000000111101100000000011010010101010100010001010000010000000001111011
0000101001011100011010100100001000111001010000010011101000001010010111000110101001000010001110010100000100111010
0000110000100100011100010111100001000111000011110100001000001100001001000111000101111000010001110000111101000010
0000001100000110011110000010101101110001011000110100010000000011000001100111100000101011011100010110001101000100
0000100101111101010101100111011100111111000011110001010000001001011111010101011001110111001111110000111100010100
0000010100010111000000110101111101000010000100010101000000000101000101110000001101011111010000100001000101010000
0000000000111010010111000001011100110000010010000110111100000000001110100101110000010111001100000100100001101111
0000101001000001001011010001011100100111011000000001110100001010010000010010110100010111001001110110000000011101
0000110001110001001111000101111100100111011010010010000100001100011100010011110001011111001001110110100100100001
0000100101010110010110100010011101000001001001000001110100001001010101100101101000100111010000010010010000011101
0000100100110000000001100001100000101101001011010111110100001001001100000000011000011000001011010010110101111101
0000001100100111011111010101010100110000000000000010101100000011001001110111110101010101001100000000000000101011
0000000000010111000101000010000101001011001100000101100100000000000101110001010000100001010010110011000001011001

