Z checks
111111111111000000000000000000000000000000000000000000000000000000000000000000000000000000000000000000000000000000000000000000000000000000000000
000000000000111111111111000000000000000000000000000000000000000000000000000000000000000000000000000000000000000000000000000000000000000000000000
000000000000000000000000111111111111000000000000000000000000000000000000000000000000000000000000000000000000000000000000000000000000000000000000
000000000000000000000000000000000000111111111111000000000000000000000000000000000000000000000000000000000000000000000000000000000000000000000000
000000000000000000000000000000000000000000000000111111111111000000000000000000000000000000000000000000000000000000000000000000000000000000000000
000000000000000000000000000000000000000000000000000000000000111111111111000000000000000000000000000000000000000000000000000000000000000000000000
000000000000000000000000000000000000000000000000000000000000000000000000111111111111000000000000000000000000000000000000000000000000000000000000
000000000000000000000000000000000000000000000000000000000000000000000000000000000000111111111111000000000000000000000000000000000000000000000000
000000000000000000000000000000000000000000000000000000000000000000000000000000000000000000000000111111111111000000000000000000000000000000000000
000000000000000000000000000000000000000000000000000000000000000000000000000000000000000000000000000000000000111111111111000000000000000000000000
000000000000000000000000000000000000000000000000000000000000000000000000000000000000000000000000000000000000000000000000111111111111000000000000
000000000000000000000000000000000000000000000000000000000000000000000000000000000000000000000000000000000000000000000000000000000000111111111111
011101100100011101100100011101100100011101100100011101100100011101100100000000000000000000000000000000000000000000000000000000000000000000000000
001010111010001010111010001010111010001010111010001010111010001010111010000000000000000000000000000000000000000000000000000000000000000000000000
000100101111000100101111000100101111000100101111000100101111000100101111000000000000000000000000000000000000000000000000000000000000000000000000
000011001100000011001100000011001100000011001100000011001100000011001100000000000000000000000000000000000000000000000000000000000000000000000000
000000000000000000000000000000000000000000000000000000000000000000000000011101100100011101100100011101100100011101100100011101100100011101100100
000000000000000000000000000000000000000000000000000000000000000000000000001010111010001010111010001010111010001010111010001010111010001010111010
000000000000000000000000000000000000000000000000000000000000000000000000000100101111000100101111000100101111000100101111000100101111000100101111
000000000000000000000000000000000000000000000000000000000000000000000000000011001100000011001100000011001100000011001100000011001100000011001100
010011011100100111010010110111001000011110110000000000000000000000000000010011011100100111010010110111001000011110110000000000000000000000000000
111100001010010000101100110101111100001101001000000000000000000000000000111100001010010000101100110101111100001101001000000000000000000000000000
100000110100101101110110011110100010000110100100000000000000000000000000100000110100101101110110011110100010000110100100000000000000000000000000
111111110110110100001000011100000100101101100010000000000000000000000000111111110110110100001000011100000100101101100010000000000000000000000000
110110101110011100100000010100000110000100100000110000000000000000000000110110101110011100100000010100000110000100100000110000000000000000000000
100100001010011001000010011101001010101100100000101000000000000000000000100100001010011001000010011101001010101100100000101000000000000000000000
101001100000001111100100110000111100010100000000100100000000000000000000101001100000001111100100110000111100010100000000100100000000000000000000
110101000000010010010010011100000010001010000000100010000000000000000000110101000000010010010010011100000010001010000000100010000000000000000000
110100010000111100101000101010011100110101000000100001000000000000000000110100010000111100101000101010011100110101000000100001000000000000000000
110111111000111011110100010001010010101010100000100000100000000000000000110111111000111011110100010001010010101010100000100000100000000000000000
100110010000011111001000101011111100001011100000100000010000000000000000100110010000011111001000101011111100001011100000100000010000000000000000
010101011100001001000000111111111010000111100000100000001000000000000000010101011100001001000000111111111010000111100000100000001000000000000000
011001110010100011110010111000110100101101000000100000000100000000000000011001110010100011110010111000110100101101000000100000000100000000000000
101011000000000101101110000101001010111010000000100000000010000000000000101011000000000101101110000101001010111010000000100000000010000000000000
101110101000000011000000111111101000000001100000000000000000110000000000101110101000000011000000111111101000000001100000000000000000110000000000
000011110000010010100100000001101100000010100000000000000000101000000000000011110000010010100100000001101100000010100000000000000000101000000000
100001010100111011100000000011100010011111100000000000000000100100000000100001010100111011100000000011100010011111100000000000000000100100000000
111011111110101011010100111011110100111101100000000000000000100010000000111011111110101011010100111011110100111101100000000000000000100010000000
001100100010110010111000011010110010110000000000000000000000100001000000001100100010110010111000011010110010110000000000000000000000100001000000
110000101000101101001010110100001000000100100000000000000000100000100000110000101000101101001010110100001000000100100000000000000000100000100000

X checks
111111111111000000000000000000000000000000000000000000000000000000000000000000000000000000000000000000000000000000000000000000000000000000000000
000000000000111111111111000000000000000000000000000000000000000000000000000000000000000000000000000000000000000000000000000000000000000000000000
000000000000000000000000111111111111000000000000000000000000000000000000000000000000000000000000000000000000000000000000000000000000000000000000
000000000000000000000000000000000000111111111111000000000000000000000000000000000000000000000000000000000000000000000000000000000000000000000000
000000000000000000000000000000000000000000000000111111111111000000000000000000000000000000000000000000000000000000000000000000000000000000000000
000000000000000000000000000000000000000000000000000000000000111111111111000000000000000000000000000000000000000000000000000000000000000000000000
000000000000000000000000000000000000000000000000000000000000000000000000111111111111000000000000000000000000000000000000000000000000000000000000
000000000000000000000000000000000000000000000000000000000000000000000000000000000000111111111111000000000000000000000000000000000000000000000000
000000000000000000000000000000000000000000000000000000000000000000000000000000000000000000000000111111111111000000000000000000000000000000000000
000000000000000000000000000000000000000000000000000000000000000000000000000000000000000000000000000000000000111111111111000000000000000000000000
000000000000000000000000000000000000000000000000000000000000000000000000000000000000000000000000000000000000000000000000111111111111000000000000
000000000000000000000000000000000000000000000000000000000000000000000000000000000000000000000000000000000000000000000000000000000000111111111111
011101100100011101100100011101100100011101100100011101100100011101100100000000000000000000000000000000000000000000000000000000000000000000000000
001010111010001010111010001010111010001010111010001010111010001010111010000000000000000000000000000000000000000000000000000000000000000000000000
100100101110100100101110100100101110100100101110100100101110100100101110000000000000000000000000000000000000000000000000000000000000000000000000
000011001100000011001100000011001100000011001100000011001100000011001100000000000000000000000000000000000000000000000000000000000000000000000000
000000000000000000000000000000000000000000000000000000000000000000000000011101100100011101100100011101100100011101100100011101100100011101100100
000000000000000000000000000000000000000000000000000000000000000000000000001010111010001010111010001010111010001010111010001010111010001010111010
000000000000000000000000000000000000000000000000000000000000000000000000100100101110100100101110100100101110100100101110100100101110100100101110
000000000000000000000000000000000000000000000000000000000000000000000000000011001100000011001100000011001100000011001100000011001100000011001100
111011011010000010101010010010110000100100110110111010000110111010000000111011011010000010101010010010110000100100110110111010000110111010000000
000011000110010011100000101001001110001110000100000011001100000011000000000011000110010011100000101001001110001110000100000011001100000011000000
111111001010110010001000011110100010000110100100000000000000000000000000111111001010110010001000011110100010000110100100000000000000000000000000
100000100000110101011110000010101100101100110100011110101000100001000000100000100000110101011110000010101100101100110100011110101000100001000000
001001011000010101010110011101110000001101010110100110001000110110000000001001011000010101010110011101110000001101010110100110001000110110000000
110011111010101010110010101110111010000000101110000100001110001100000000110011111010101010110010101110111010000000101110000100001110001100000000
010110111110011000111010111000011100000011011110101100100000010111000000010110111110011000111010111000011100000011011110101100100000010111000000
101010101100000110000000001000010000011110010010101001101100010100000000101010101100000110000000001000010000011110010010101001101100010100000000
101011111100110111000100100001110000111110101100101010101100010100000000101011111100110111000100100001110000111110101100101010101100010100000000
001000001110101101111100011000100100111100101000110110101000110110000000001000001110101101111100011000100100111100101000110110101000110110000000
010001111010110001011100011010010110100101110100010001111010101110000000010001111010110001011100011010010110100101110100010001111010101110000000
010101001110011101010010110100010110010011110010101011100100010100000000010101001110011101010010110100010110010011110010101011100100010100000000
110001001110001100110000010111110110000010000010001111000110001111000000110001001110001100110000010111110110000010000010001111000110001111000000
110100000100001111010100001111110000101111000100110101000110110101000000110100000100001111010100001111110000101111000100110101000110110101000000
101110111100101101010100001110000010101111110100101110010100000001100000101110111100101101010100001110000010101111110100101110010100000001100000
110100110100011000011110001011010110001000011010001010111010000010100000110100110100011000011110001011010110001000011010001010111010000010100000
101001110100110011000000010100111100001000111110010111011110101100100000101001110100110011000000010100111100001000111110010111011110101100100000
111011111000001110101100011110001100011000011000111010000110000111100000111011111000001110101100011110001100011000011000111010000110000111100000
110011010010011110110110101001000010011100001110110011110000110010100000110011010010011110110110101001000010011100001110110011110000110010100000
110000010100000010001000011011001010110100011100110000111100110000000000110000010100000010001000011011001010110100011100110000111100110000000000
