Z checks
111111111111111100000000000000000000000000000000000000000000000000000000000000000000000000000000000000000000000000000000000000000000000000000000000000000000000000000000000000000000000000000000
000000000000000011111111111111110000000000000000000000000000000000000000000000000000000000000000000000000000000000000000000000000000000000000000000000000000000000000000000000000000000000000000
000000000000000000000000000000001111111111111111000000000000000000000000000000000000000000000000000000000000000000000000000000000000000000000000000000000000000000000000000000000000000000000000
000000000000000000000000000000000000000000000000111111111111111100000000000000000000000000000000000000000000000000000000000000000000000000000000000000000000000000000000000000000000000000000000
000000000000000000000000000000000000000000000000000000000000000011111111111111110000000000000000000000000000000000000000000000000000000000000000000000000000000000000000000000000000000000000000
000000000000000000000000000000000000000000000000000000000000000000000000000000001111111111111111000000000000000000000000000000000000000000000000000000000000000000000000000000000000000000000000
000000000000000000000000000000000000000000000000000000000000000000000000000000000000000000000000111111111111111100000000000000000000000000000000000000000000000000000000000000000000000000000000
000000000000000000000000000000000000000000000000000000000000000000000000000000000000000000000000000000000000000011111111111111110000000000000000000000000000000000000000000000000000000000000000
000000000000000000000000000000000000000000000000000000000000000000000000000000000000000000000000000000000000000000000000000000001111111111111111000000000000000000000000000000000000000000000000
000000000000000000000000000000000000000000000000000000000000000000000000000000000000000000000000000000000000000000000000000000000000000000000000111111111111111100000000000000000000000000000000
000000000000000000000000000000000000000000000000000000000000000000000000000000000000000000000000000000000000000000000000000000000000000000000000000000000000000011111111111111110000000000000000
000000000000000000000000000000000000000000000000000000000000000000000000000000000000000000000000000000000000000000000000000000000000000000000000000000000000000000000000000000001111111111111111
100000000111111101111111100000001000000001111111100000000111111101111111100000000111111110000000000000000000000000000000000000000000000000000000000000000000000000000000000000000000000000000000
010100011101101010101110001001011010111000100101010100011101101001010001110110101010111000100101000000000000000000000000000000000000000000000000000000000000000000000000000000000000000000000000
001001011100110111011010001100101101101000110010001001011100110100100101110011010010010111001101000000000000000000000000000000000000000000000000000000000000000000000000000000000000000000000000
001110001111000111000111000011100011100011110001110001110000111000111000111100011100011100001110000000000000000000000000000000000000000000000000000000000000000000000000000000000000000000000000
000000000000000000000000000000000000000000000000000000000000000000000000000000000000000000000000100000000111111101111111100000001000000001111111100000000111111101111111100000000111111110000000
000000000000000000000000000000000000000000000000000000000000000000000000000000000000000000000000010100011101101010101110001001011010111000100101010100011101101001010001110110101010111000100101
000000000000000000000000000000000000000000000000000000000000000000000000000000000000000000000000001001011100110111011010001100101101101000110010001001011100110100100101110011010010010111001101
000000000000000000000000000000000000000000000000000000000000000000000000000000000000000000000000001110001111000111000111000011100011100011110001110001110000111000111000111100011100011100001110
111110000001110010010000001101011011000001100010000000100000010010010001000110101010110010100110111110000001110010010000001101011011000001100010000000100000010010010001000110101010110010100110
101100000010000010010100011011100011010100011110000000110010001000011001001001100000001000100110101100000010000010010100011011100011010100011110000000110010001000011001001001100000001000100110
100000000011100010000000000111111011000010111010101111000010000000111000101110100010011000010110100000000011100010000000000111111011000010111010101111000010000000111000101110100010011000010110
010010000000000000100001011010010010011110001011101100000001000000101001001011001010101010100011010010000000000000100001011010010010011110001011101100000001000000101001001011001010101010100011
101010000001110000100000011010111011010010111000001010100011001010011100000000111000000010000101101010000001110000100000011010111011010010111000001010100011001010011100000000111000000010000101
010010000000101000110000001101101011000100101110001100010001000000111011100010101010000010010101010010000000101000110000001101101011000100101110001100010001000000111011100010101010000010010101
010000000011001010010000000000110010011010000000101100111011000010011000001110000000001000010000010000000011001010010000000000110010011010000000101100111011000010011000001110000000001000010000
001110000001000010000000000010001011000011010110000110000010001000111101001000001010010011000001001110000001000010000000000010001011000011010110000110000010001000111101001000001010010011000001
001110000010101010100001011010110010001011001100000110110011001110100101000111101010111010110101001110000010101010100001011010110010001011001100000110110011001110100101000111101010111010110101
101000000000000010000000000001000010001010001000000000000100001010001101001111000010000000010000101000000000000010000000000001000010001010001000000000000100001010001101001111000010000000010000
010100000010111000000001011101010010000001010010101010000010000010000101011111000000011000000000010100000010111000000001011101010010000001010010101010000010000010000101011111000000011000000000
100010000011010110110000001100011000001111000100100100010010000010001101100000101010100000100110100010000011010110110000001100011000001111000100100100010010000010001101100000101010100000100110
110000000001001010000001110111010001010111101010101110010001000000000100101100000010110000110100110000000001001010000001110111010001010111101010101110010001000000000100101100000010110000110100
000110000010111010010000010011100001011001001100000110100010101000010001100100001010100000010101000110000010111010010000010011100001011001001100000110100010101000010001100100001010100000010101
111010000011000000000000010010001000000000100000100100110011000010110000000000101000010100000001111010000011000000000000010010001000000000100000100100110011000010110000000000101000010100000001
100110000000001010010000011110001000010000000000000100110010000010000000000000100001101000000001100110000000001010010000011110001000010000000000000100110010000010000000000000100001101000000001
111110000000100010000001010010001001100100010100100110110010000010000000000000101000000000000001111110000000100010000001010010001001100100010100100110110010000010000000000000101000000000000001
010100000001010010110001011100011001000000000110100110000001000010101000000011101000110000011111010100000001010010110001011100011001000000000110100110000001000010101000000011101000110000011111
011000000011110000010011001111010000001100101000000110000001001010110100100010000010100010010110011000000011110000010011001111010000001100101000000110000001001010110100100010000010100010010110
111000000001000010101000000010000001000000011100100110000010000000111101101111001000010000100001111000000001000010101000000010000001000000011100100110000010000000111101101111001000010000100001

X checks
111111111111111100000000000000000000000000000000000000000000000000000000000000000000000000000000000000000000000000000000000000000000000000000000000000000000000000000000000000000000000000000000
000000000000000011111111111111110000000000000000000000000000000000000000000000000000000000000000000000000000000000000000000000000000000000000000000000000000000000000000000000000000000000000000
000000000000000000000000000000001111111111111111000000000000000000000000000000000000000000000000000000000000000000000000000000000000000000000000000000000000000000000000000000000000000000000000
000000000000000000000000000000000000000000000000111111111111111100000000000000000000000000000000000000000000000000000000000000000000000000000000000000000000000000000000000000000000000000000000
000000000000000000000000000000000000000000000000000000000000000011111111111111110000000000000000000000000000000000000000000000000000000000000000000000000000000000000000000000000000000000000000
000000000000000000000000000000000000000000000000000000000000000000000000000000001111111111111111000000000000000000000000000000000000000000000000000000000000000000000000000000000000000000000000
000000000000000000000000000000000000000000000000000000000000000000000000000000000000000000000000111111111111111100000000000000000000000000000000000000000000000000000000000000000000000000000000
000000000000000000000000000000000000000000000000000000000000000000000000000000000000000000000000000000000000000011111111111111110000000000000000000000000000000000000000000000000000000000000000
000000000000000000000000000000000000000000000000000000000000000000000000000000000000000000000000000000000000000000000000000000001111111111111111000000000000000000000000000000000000000000000000
000000000000000000000000000000000000000000000000000000000000000000000000000000000000000000000000000000000000000000000000000000000000000000000000111111111111111100000000000000000000000000000000
000000000000000000000000000000000000000000000000000000000000000000000000000000000000000000000000000000000000000000000000000000000000000000000000000000000000000011111111111111110000000000000000
000000000000000000000000000000000000000000000000000000000000000000000000000000000000000000000000000000000000000000000000000000000000000000000000000000000000000000000000000000001111111111111111
110100011010010100101110010110101101000110100101001011100101101000101110010110100010111001011010000000000000000000000000000000000000000000000000000000000000000000000000000000000000000000000000
001100110110011011001100100110011100110010011001110011001001100100110011011001100011001101100110000000000000000000000000000000000000000000000000000000000000000000000000000000000000000000000000
100111010100001101100010101111000110001010111100011000101011110010011101010000110110001010111100000000000000000000000000000000000000000000000000000000000000000000000000000000000000000000000000
101001011100110001011010001100111010010111001100101001011100110001011010001100111010010111001100000000000000000000000000000000000000000000000000000000000000000000000000000000000000000000000000
000000000000000000000000000000000000000000000000000000000000000000000000000000000000000000000000110100011010010100101110010110101101000110100101001011100101101000101110010110100010111001011010
000000000000000000000000000000000000000000000000000000000000000000000000000000000000000000000000001100110110011011001100100110011100110010011001110011001001100100110011011001100011001101100110
000000000000000000000000000000000000000000000000000000000000000000000000000000000000000000000000100111010100001101100010101111000110001010111100011000101011110010011101010000110110001010111100
000000000000000000000000000000000000000000000000000000000000000000000000000000000000000000000000101001011100110001011010001100111010010111001100101001011100110001011010001100111010010111001100
000001010101110001010000001101010111000001100010000000100000010001010001000110100110110010100110000001010101110001010000001101010111000001100010000000100000010001010001000110100110110010100110
000001000010000001010100011011100011010100011110000000110010001000011001001001100000001000100110000001000010000001010100011011100011010100011110000000110010001000011001001001100000001000100110
000000001011100001000000000111110111000010111010011111000010000000111000101110100010011000010110000000001011100001000000000111110111000010111010011111000010000000111000101110100010011000010110
000000110000000000100001011010010010011110001011011100000001000000101001001011000110101010100011000000110000000000100001011010010010011110001011011100000001000000101001001011000110101010100011
000001101001110000100000011010110111010010111000001010100011001001011100000000110100000010000101000001101001110000100000011010110111010010111000001010100011001001011100000000110100000010000101
000000110000101000110000001101100111000100101110001100010001000000111011100010100110000010010101000000110000101000110000001101100111000100101110001100010001000000111011100010100110000010010101
000000101111001001010000000000110010011010000000011100111011000001011000001110000000001000010000000000101111001001010000000000110010011010000000011100111011000001011000001110000000001000010000
000001010101000001000000000010000111000011010110000110000010001000111101001000000110010011000001000001010101000001000000000010000111000011010110000110000010001000111101001000000110010011000001
000001010110101001100001011010110010001011001100000110110011001101100101000111100110111010110101000001010110101001100001011010110010001011001100000110110011001101100101000111100110111010110101
000000001100000001000000000001000010001010001000000000000100001001001101001111000010000000010000000000001100000001000000000001000010001010001000000000000100001001001101001111000010000000010000
000001100010111000000001011101010010000001010010011010000010000001000101011111000000011000000000000001100010111000000001011101010010000001010010011010000010000001000101011111000000011000000000
000001001011010101110000001100010100001111000100010100010010000001001101100000100110100000100110000001001011010101110000001100010100001111000100010100010010000001001101100000100110100000100110
000001011101001001000001110111010001010111101010011110010001000000000100101100000010110000110100000001011101001001000001110111010001010111101010011110010001000000000100101100000010110000110100
000000101010111001010000010011100001011001001100000110100010101000010001100100000110100000010101000000101010111001010000010011100001011001001100000110100010101000010001100100000110100000010101
000000111111000000000000010010000100000000100000010100110011000001110000000000100100010100000001000000111111000000000000010010000100000000100000010100110011000001110000000000100100010100000001
000001011000001001010000011110000100010000000000000100110010000001000000000000100001101000000001000001011000001001010000011110000100010000000000000100110010000001000000000000100001101000000001
000001110000100001000001010010000101100100010100010110110010000001000000000000100100000000000001000001110000100001000001010010000101100100010100010110110010000001000000000000100100000000000001
000000111101010001110001011100010101000000000110010110000001000001101000000011100100110000011111000000111101010001110001011100010101000000000110010110000001000001101000000011100100110000011111
000001110111110000010011001111010000001100101000000110000001001001110100100010000010100010010110000001110111110000010011001111010000001100101000000110000001001001110100100010000010100010010110
000000100001000001101000000010000001000000011100010110000010000000111101101111000100010000100001000000100001000001101000000010000001000000011100010110000010000000111101101111000100010000100001

