Z checks
111111110000000000000000000000000000000000000000000000000000000000000000000000000000000000000000000000000000000000000000000000000000000000000000000000000000000000000000000000000000000000000000
000000001111111100000000000000000000000000000000000000000000000000000000000000000000000000000000000000000000000000000000000000000000000000000000000000000000000000000000000000000000000000000000
000000000000000011111111000000000000000000000000000000000000000000000000000000000000000000000000000000000000000000000000000000000000000000000000000000000000000000000000000000000000000000000000
000000000000000000000000111111110000000000000000000000000000000000000000000000000000000000000000000000000000000000000000000000000000000000000000000000000000000000000000000000000000000000000000
000000000000000000000000000000001111111100000000000000000000000000000000000000000000000000000000000000000000000000000000000000000000000000000000000000000000000000000000000000000000000000000000
000000000000000000000000000000000000000011111111000000000000000000000000000000000000000000000000000000000000000000000000000000000000000000000000000000000000000000000000000000000000000000000000
000000000000000000000000000000000000000000000000111111110000000000000000000000000000000000000000000000000000000000000000000000000000000000000000000000000000000000000000000000000000000000000000
000000000000000000000000000000000000000000000000000000001111111100000000000000000000000000000000000000000000000000000000000000000000000000000000000000000000000000000000000000000000000000000000
000000000000000000000000000000000000000000000000000000000000000011111111000000000000000000000000000000000000000000000000000000000000000000000000000000000000000000000000000000000000000000000000
000000000000000000000000000000000000000000000000000000000000000000000000111111110000000000000000000000000000000000000000000000000000000000000000000000000000000000000000000000000000000000000000
000000000000000000000000000000000000000000000000000000000000000000000000000000001111111100000000000000000000000000000000000000000000000000000000000000000000000000000000000000000000000000000000
000000000000000000000000000000000000000000000000000000000000000000000000000000000000000011111111000000000000000000000000000000000000000000000000000000000000000000000000000000000000000000000000
000000000000000000000000000000000000000000000000000000000000000000000000000000000000000000000000111111110000000000000000000000000000000000000000000000000000000000000000000000000000000000000000
000000000000000000000000000000000000000000000000000000000000000000000000000000000000000000000000000000001111111100000000000000000000000000000000000000000000000000000000000000000000000000000000
000000000000000000000000000000000000000000000000000000000000000000000000000000000000000000000000000000000000000011111111000000000000000000000000000000000000000000000000000000000000000000000000
000000000000000000000000000000000000000000000000000000000000000000000000000000000000000000000000000000000000000000000000111111110000000000000000000000000000000000000000000000000000000000000000
000000000000000000000000000000000000000000000000000000000000000000000000000000000000000000000000000000000000000000000000000000001111111100000000000000000000000000000000000000000000000000000000
000000000000000000000000000000000000000000000000000000000000000000000000000000000000000000000000000000000000000000000000000000000000000011111111000000000000000000000000000000000000000000000000
000000000000000000000000000000000000000000000000000000000000000000000000000000000000000000000000000000000000000000000000000000000000000000000000111111110000000000000000000000000000000000000000
000000000000000000000000000000000000000000000000000000000000000000000000000000000000000000000000000000000000000000000000000000000000000000000000000000001111111100000000000000000000000000000000
000000000000000000000000000000000000000000000000000000000000000000000000000000000000000000000000000000000000000000000000000000000000000000000000000000000000000011111111000000000000000000000000
000000000000000000000000000000000000000000000000000000000000000000000000000000000000000000000000000000000000000000000000000000000000000000000000000000000000000000000000111111110000000000000000
000000000000000000000000000000000000000000000000000000000000000000000000000000000000000000000000000000000000000000000000000000000000000000000000000000000000000000000000000000001111111100000000
000000000000000000000000000000000000000000000000000000000000000000000000000000000000000000000000000000000000000000000000000000000000000000000000000000000000000000000000000000000000000011111111
010011010100110101001101010011010100110101001101010011010100110101001101010011010100110101001101000000000000000000000000000000000000000000000000000000000000000000000000000000000000000000000000
001010110010101100101011001010110010101100101011001010110010101100101011001010110010101100101011000000000000000000000000000000000000000000000000000000000000000000000000000000000000000000000000
000101110001011100010111000101110001011100010111000101110001011100010111000101110001011100010111000000000000000000000000000000000000000000000000000000000000000000000000000000000000000000000000
000000000000000000000000000000000000000000000000000000000000000000000000000000000000000000000000010011010100110101001101010011010100110101001101010011010100110101001101010011010100110101001101
000000000000000000000000000000000000000000000000000000000000000000000000000000000000000000000000001010110010101100101011001010110010101100101011001010110010101100101011001010110010101100101011
000000000000000000000000000000000000000000000000000000000000000000000000000000000000000000000000000101110001011100010111000101110001011100010111000101110001011100010111000101110001011100010111
001111000100010011000000000101001001101001111110101101000101101001101010001000101000001001010000001111000100010011000000000101001001101001111110101101000101101001101010001000101000001001010000
100000101001011000001010100110101111011001011100111110100101101001111110010001001101001000000000100000101001011000001010100110101111011001011100111110100101101001111110010001001101001000000000
001010000010001000010100000011000011000000000000011001101101010010101100000110000001001010100000001010000010001000010100000011000011000000000000011001101101010010101100000110000001001010100000
101010101101111010111000001101100111100000100100011010101111110010111000110101001100000001010000101010101101111010111000001101100111100000100100011010101111110010111000110101001100000001010000
001011100010100001000100001111000001010011000110111111000100100010011100100101100001010001100000001011100010100001000100001111000001010011000110111111000100100010011100100101100001010001100000
100101100101000010010000011001101101010001110100111111001101111011010010100000100001010001100000100101100101000010010000011001101101010001110100111111001101111011010010100000100001010001100000
000101001101001001100000101101000100001010011100011001101111101010001110010100001110010000110000000101001101001001100000101101000100001010011100011001101111101010001110010100001110010000110000
001010001010000001110010011011000111100010101100001010001101010000110000111011100000011000000000001010001010000001110010011011000111100010101100001010001101010000110000111011100000011000000000
001101100000000010101100010000101100110010111110001100000110101001000100001100001110001000000000001101100000000010101100010000101100110010111110001100000110101001000100001100001110001000000000
110111101101100010100110001101100000011011001010100100000001010000100010000000000101000010010000110111101101100010100110001101100000011011001010100100000001010000100010000000000101000010010000
000101001111000001001110010100000111111000101000111101100110011011000000101100101011111011110000000101001111000001001110010100000111111000101000111101100110011011000000101100101011111011110000
100101100100010000100010000011001000010010001000110010101110100010101010111101100001010011000000100101100100010000100010000011001000010010001000110010101110100010101010111101100001010011000000
000100100101101011010100001101101011001010101010001101101000001000010010011110001100011000000000000100100101101011010100001101101011001010101010001101101000001000010010011110001100011000000000
101001101111011010000010101101000111100001101010101100100011101000011000010000100110011000110000101001101111011010000010101101000111100001101010101100100011101000011000010000100110011000110000
011100101011010011110110110100100000110000010010100101101001101001000100000010100100001000110000011100101011010011110110110100100000110000010010100101101001101001000100000010100100001000110000
011101000001010001100000000000001011010000111100011001100001111011001100111110101010000011110000011101000001010001100000000000001011010000111100011001100001111011001100111110101010000011110000

X checks
111111110000000000000000000000000000000000000000000000000000000000000000000000000000000000000000000000000000000000000000000000000000000000000000000000000000000000000000000000000000000000000000
000000001111111100000000000000000000000000000000000000000000000000000000000000000000000000000000000000000000000000000000000000000000000000000000000000000000000000000000000000000000000000000000
000000000000000011111111000000000000000000000000000000000000000000000000000000000000000000000000000000000000000000000000000000000000000000000000000000000000000000000000000000000000000000000000
000000000000000000000000111111110000000000000000000000000000000000000000000000000000000000000000000000000000000000000000000000000000000000000000000000000000000000000000000000000000000000000000
000000000000000000000000000000001111111100000000000000000000000000000000000000000000000000000000000000000000000000000000000000000000000000000000000000000000000000000000000000000000000000000000
000000000000000000000000000000000000000011111111000000000000000000000000000000000000000000000000000000000000000000000000000000000000000000000000000000000000000000000000000000000000000000000000
000000000000000000000000000000000000000000000000111111110000000000000000000000000000000000000000000000000000000000000000000000000000000000000000000000000000000000000000000000000000000000000000
000000000000000000000000000000000000000000000000000000001111111100000000000000000000000000000000000000000000000000000000000000000000000000000000000000000000000000000000000000000000000000000000
000000000000000000000000000000000000000000000000000000000000000011111111000000000000000000000000000000000000000000000000000000000000000000000000000000000000000000000000000000000000000000000000
000000000000000000000000000000000000000000000000000000000000000000000000111111110000000000000000000000000000000000000000000000000000000000000000000000000000000000000000000000000000000000000000
000000000000000000000000000000000000000000000000000000000000000000000000000000001111111100000000000000000000000000000000000000000000000000000000000000000000000000000000000000000000000000000000
000000000000000000000000000000000000000000000000000000000000000000000000000000000000000011111111000000000000000000000000000000000000000000000000000000000000000000000000000000000000000000000000
000000000000000000000000000000000000000000000000000000000000000000000000000000000000000000000000111111110000000000000000000000000000000000000000000000000000000000000000000000000000000000000000
000000000000000000000000000000000000000000000000000000000000000000000000000000000000000000000000000000001111111100000000000000000000000000000000000000000000000000000000000000000000000000000000
000000000000000000000000000000000000000000000000000000000000000000000000000000000000000000000000000000000000000011111111000000000000000000000000000000000000000000000000000000000000000000000000
000000000000000000000000000000000000000000000000000000000000000000000000000000000000000000000000000000000000000000000000111111110000000000000000000000000000000000000000000000000000000000000000
000000000000000000000000000000000000000000000000000000000000000000000000000000000000000000000000000000000000000000000000000000001111111100000000000000000000000000000000000000000000000000000000
000000000000000000000000000000000000000000000000000000000000000000000000000000000000000000000000000000000000000000000000000000000000000011111111000000000000000000000000000000000000000000000000
000000000000000000000000000000000000000000000000000000000000000000000000000000000000000000000000000000000000000000000000000000000000000000000000111111110000000000000000000000000000000000000000
000000000000000000000000000000000000000000000000000000000000000000000000000000000000000000000000000000000000000000000000000000000000000000000000000000001111111100000000000000000000000000000000
000000000000000000000000000000000000000000000000000000000000000000000000000000000000000000000000000000000000000000000000000000000000000000000000000000000000000011111111000000000000000000000000
000000000000000000000000000000000000000000000000000000000000000000000000000000000000000000000000000000000000000000000000000000000000000000000000000000000000000000000000111111110000000000000000
000000000000000000000000000000000000000000000000000000000000000000000000000000000000000000000000000000000000000000000000000000000000000000000000000000000000000000000000000000001111111100000000
000000000000000000000000000000000000000000000000000000000000000000000000000000000000000000000000000000000000000000000000000000000000000000000000000000000000000000000000000000000000000011111111
110011001100110011001100110011001100110011001100110011001100110011001100110011001100110011001100000000000000000000000000000000000000000000000000000000000000000000000000000000000000000000000000
101010101010101010101010101010101010101010101010101010101010101010101010101010101010101010101010000000000000000000000000000000000000000000000000000000000000000000000000000000000000000000000000
100101101001011010010110100101101001011010010110100101101001011010010110100101101001011010010110000000000000000000000000000000000000000000000000000000000000000000000000000000000000000000000000
000000000000000000000000000000000000000000000000000000000000000000000000000000000000000000000000110011001100110011001100110011001100110011001100110011001100110011001100110011001100110011001100
000000000000000000000000000000000000000000000000000000000000000000000000000000000000000000000000101010101010101010101010101010101010101010101010101010101010101010101010101010101010101010101010
000000000000000000000000000000000000000000000000000000000000000000000000000000000000000000000000100101101001011010010110100101101001011010010110100101101001011010010110100101101001011010010110
110110001000100001110010110110000010100010110010000001101001011010100110111011100011000001100000110110001000100001110010110110000010100010110010000001101001011010100110111011100011000001100000
111111001110100000001010111001001000100001011100100001000101101001111110010001001010110000000000111111001110100000001010111001001000100001011100100001000101101001111110010001001010110000000000
101010101000100010111110101001101001101010101010110011000000000001111000101100101011100010001000101010101000100010111110101001101001101010101010110011000000000001111000101100101011100010001000
001100000110110000001010111110101011010011101000101001100100111000001010011001100111001001100000001100000110110000001010111110101011010011101000101001100100111000001010011001100111001001100000
001110100001010001111000000000000010100010000100101111100111010011011110110101000010100010100000001110100001010001111000000000000010100010000100101111100111010011011110110101000010100010100000
111010000101000011101110011001101010101001110100100000101010000010101100111111000001010001100000111010000101000011101110011001101010101001110100100000101010000010101100111111000001010001100000
111001000101110010010000001110101011001000010010100101100111010000000000101000000110101011000000111001000101110010010000001110101011001000010010100101100111010000000000101000000110101011000000
001111001110001001001110010100000100010011101110000101001001011000001100101011000011101011000000001111001110001001001110010100000100010011101110000101001001011000001100101011000011101011000000
010000101010101001111000111010000001100001101010100110101100000011101110100110100011011010100000010000101010101001111000111010000001100001101010100110101100000011101110100110100011011010100000
110101001001101011100100000010100011101010001000110100100010100000011110001111000110110000101000110101001001101011100100000010100011101010001000110100100010100000011110001111000110110000101000
011100101110100000101000001101100001100001001110111011100000000011011000101010101010011011101000011100101110100000101000001101100001100001001110111011100000000011011000101010101010011011101000
011111101101001010110100100110100110110001100000001000100000000001000010000111101000001000101000011111101101001010110100100110100110110001100000001000100000000001000010000111101000001000101000
000100100101101010101010001101101100110011010100001101101111110000010010011110001011100000000000000100100101101010101010001101101100110011010100001101101111110000010010011110001011100000000000
010111001101001010100110100100000010001000110000100101100110000001000010000110000011110001100000010111001101001010100110100100000010001000110000100101100110000001000010000110000011110001100000
100001000101110000011110001110101001101010000100011111100111001011010010100111001101010010100000100001000101110000011110001110101001101010000100011111100111001011010010100111001101010010100000
000101000001010001100000000000001100101000111100011001100001111010110010100001001101111010001000000101000001010001100000000000001100101000111100011001100001111010110010100001001101111010001000
