Z checks
1111111111111111000000000000000000000000000000000000000000000000000000000000000000000000000000000000000000000000000000000000000000000000000000000000000000000000000000000000000000000000000000000000000000000000000000000000000000000000000000000000000000000000
0000000000000000111111111111111100000000000000000000000000000000000000000000000000000000000000000000000000000000000000000000000000000000000000000000000000000000000000000000000000000000000000000000000000000000000000000000000000000000000000000000000000000000
0000000000000000000000000000000011111111111111110000000000000000000000000000000000000000000000000000000000000000000000000000000000000000000000000000000000000000000000000000000000000000000000000000000000000000000000000000000000000000000000000000000000000000
0000000000000000000000000000000000000000000000001111111111111111000000000000000000000000000000000000000000000000000000000000000000000000000000000000000000000000000000000000000000000000000000000000000000000000000000000000000000000000000000000000000000000000
0000000000000000000000000000000000000000000000000000000000000000111111111111111100000000000000000000000000000000000000000000000000000000000000000000000000000000000000000000000000000000000000000000000000000000000000000000000000000000000000000000000000000000
0000000000000000000000000000000000000000000000000000000000000000000000000000000011111111111111110000000000000000000000000000000000000000000000000000000000000000000000000000000000000000000000000000000000000000000000000000000000000000000000000000000000000000
0000000000000000000000000000000000000000000000000000000000000000000000000000000000000000000000001111111111111111000000000000000000000000000000000000000000000000000000000000000000000000000000000000000000000000000000000000000000000000000000000000000000000000
0000000000000000000000000000000000000000000000000000000000000000000000000000000000000000000000000000000000000000111111111111111100000000000000000000000000000000000000000000000000000000000000000000000000000000000000000000000000000000000000000000000000000000
0000000000000000000000000000000000000000000000000000000000000000000000000000000000000000000000000000000000000000000000000000000011111111111111110000000000000000000000000000000000000000000000000000000000000000000000000000000000000000000000000000000000000000
0000000000000000000000000000000000000000000000000000000000000000000000000000000000000000000000000000000000000000000000000000000000000000000000001111111111111111000000000000000000000000000000000000000000000000000000000000000000000000000000000000000000000000
0000000000000000000000000000000000000000000000000000000000000000000000000000000000000000000000000000000000000000000000000000000000000000000000000000000000000000111111111111111100000000000000000000000000000000000000000000000000000000000000000000000000000000
0000000000000000000000000000000000000000000000000000000000000000000000000000000000000000000000000000000000000000000000000000000000000000000000000000000000000000000000000000000011111111111111110000000000000000000000000000000000000000000000000000000000000000
0000000000000000000000000000000000000000000000000000000000000000000000000000000000000000000000000000000000000000000000000000000000000000000000000000000000000000000000000000000000000000000000001111111111111111000000000000000000000000000000000000000000000000
0000000000000000000000000000000000000000000000000000000000000000000000000000000000000000000000000000000000000000000000000000000000000000000000000000000000000000000000000000000000000000000000000000000000000000111111111111111100000000000000000000000000000000
0000000000000000000000000000000000000000000000000000000000000000000000000000000000000000000000000000000000000000000000000000000000000000000000000000000000000000000000000000000000000000000000000000000000000000000000000000000011111111111111110000000000000000
0000000000000000000000000000000000000000000000000000000000000000000000000000000000000000000000000000000000000000000000000000000000000000000000000000000000000000000000000000000000000000000000000000000000000000000000000000000000000000000000001111111111111111
0101101001001101010110100100110101011010010011010101101001001101010110100100110101011010010011010101101001001101010110100100110100000000000000000000000000000000000000000000000000000000000000000000000000000000000000000000000000000000000000000000000000000000
0010010111001101001001011100110100100101110011010010010111001101001001011100110100100101110011010010010111001101001001011100110100000000000000000000000000000000000000000000000000000000000000000000000000000000000000000000000000000000000000000000000000000000
0001011010101011000101101010101100010110101010110001011010101011000101101010101100010110101010110001011010101011000101101010101100000000000000000000000000000000000000000000000000000000000000000000000000000000000000000000000000000000000000000000000000000000
0000101110010111000010111001011100001011100101110000101110010111000010111001011100001011100101110000101110010111000010111001011100000000000000000000000000000000000000000000000000000000000000000000000000000000000000000000000000000000000000000000000000000000
0000000000000000000000000000000000000000000000000000000000000000000000000000000000000000000000000000000000000000000000000000000001011010010011010101101001001101010110100100110101011010010011010101101001001101010110100100110101011010010011010101101001001101
0000000000000000000000000000000000000000000000000000000000000000000000000000000000000000000000000000000000000000000000000000000000100101110011010010010111001101001001011100110100100101110011010010010111001101001001011100110100100101110011010010010111001101
0000000000000000000000000000000000000000000000000000000000000000000000000000000000000000000000000000000000000000000000000000000000010110101010110001011010101011000101101010101100010110101010110001011010101011000101101010101100010110101010110001011010101011
0000000000000000000000000000000000000000000000000000000000000000000000000000000000000000000000000000000000000000000000000000000000001011100101110000101110010111000010111001011100001011100101110000101110010111000010111001011100001011100101110000101110010111
1101111000101110010001011010010011001011101000101111000000010010000001110101100001110111001100001010100101111000001000000001000011011110001011100100010110100100110010111010001011110000000100100000011101011000011101110011000010101001011110000010000000010000
1111111011011100100001101110110010010100101111000000110001010000010101100000011000000101100010000100010110101110000101000011000011111110110111001000011011101100100101001011110000001100010100000101011000000110000001011000100001000101101011100001010000110000
0101110110110000100001000111010000000101011111100010000100111100011101111111110000010011001100100110101111111110011111110111000001011101101100001000010001110100000001010111111000100001001111000111011111111100000100110011001001101011111111100111111101110000
0101010011110010000100100100001010111111010011001101111011010010011100001001100011011110010001001101101111000110001101000111000001010100111100100001001001000010101111110100110011011110110100100111000010011000110111100100010011011011110001100011010001110000
1001010000000100101000010010110001110011010011001001100101101100101110000111100011011001100101000010110100101110110001000100000010010100000001001010000100101100011100110100110010011001011011001011100001111000110110011001010000101101001011101100010001000000
0100100011111100011101111010110011000110100100000010000111110110001010001011010000110110101000000011101000010010010100100100000001001000111111000111011110101100110001101001000000100001111101100010100010110100001101101010000000111010000100100101001001000000
0000000010001110011000001111000000000100101000101100111110001110010110011100110001001011111001001001011111001000100111000101000000000000100011100110000011110000000001001010001011001111100011100101100111001100010010111110010010010111110010001001110001010000
0110001010000110110001010000110000011001011110101100100011101100110110010101010000111001011011000100110001011000000001100110000001100010100001101100010100001100000110010111101011001000111011001101100101010100001110010110110001001100010110000000011001100000
0111101000110010100101100000101011011011011010101010111011001000010100110101000010011001011100100010101011101010110110110110000001111010001100101001011000001010110110110110101010101110110010000101001101010000100110010111001000101010111010101101101101100000
0110001000011100010100101011011010100001100010101010010000110100000011100011100011111101011000100100010001010110000101010010000001100010000111000101001010110110101000011000101010100100001101000000111000111000111111010110001001000100010101100001010100100000
0111010010101010010000110010101001100101010000101010001111111100111010011100111011111110010001100111001111000100011010110001000001110100101010100100001100101010011001010100001010100011111111001110100111001110111111100100011001110011110001000110101100010000
0011000001110010100100010000111010101000111011001111000101100010101100001011011011100100101010100010010011001010110110000101000000110000011100101001000100001110101010001110110011110001011000101011000010110110111001001010101000100100110010101101100001010000
0101001000110010010100010100011011010011110101101101100000000000001000000111000000000001111011000010011100101110011111000100000001010010001100100101000101000110110100111101011011011000000000000010000001110000000000011110110000100111001011100111110001000000
0001001001110010101110001111000000001011101000101110100100111000010000010000011001010100110111000001111100011100010111010001000000010010011100101011100011110000000010111010001011101001001110000100000100000110010101001101110000011111000111000101110100010000
0010101000100110001001011001111010001100011000101011111101011110100111101010001000110000010110100010011110011100010010010111000000101010001001100010010110011110100011000110001010111111010111101001111010100010001100000101101000100111100111000100100101110000
1111100000111000100101111010010001000000011111001011111001111000011010110101100011100100000011001001011110000000101111000010000011111000001110001001011110100100010000000111110010111110011110000110101101011000111001000000110010010111100000001011110000100000
0001010000100010101000000011110010101100101100101110111000101110000111100010010000001110000001000100111100110010100011110111000000010100001000101010000000111100101011001011001011101110001011100001111000100100000011100000010001001111001100101000111101110000
1110111010011010111001111011010001101000111011000111111011000110000101111010011011000110010110100001100110000110101101110011000011101110100110101110011110110100011010001110110001111110110001100001011110100110110001100101101000011001100001101011011100110000
1100111001100100110101110101110000100010001000101001000000101000000011100001110001001101010111000101101111011100000000100001000011001110011001001101011101011100001000100010001010010000001010000000111000011100010011010101110001011011110111000000001000010000
0011111010000000111001011100010011000011110011000100010000001100110110011101110010011101000110101101101111011000111000110111000000111110100000001110010111000100110000111100110001000100000011001101100111011100100111010001101011011011110110001110001101110000
0100011001111010110001110011010000011111000100001100110010000010100010000000000010111101101101000110001111000000111101000010000001000110011110101100011100110100000111110001000011001100100000101000100000000000101111011011010001100011110000001111010000100000

X checks
1111111111111111000000000000000000000000000000000000000000000000000000000000000000000000000000000000000000000000000000000000000000000000000000000000000000000000000000000000000000000000000000000000000000000000000000000000000000000000000000000000000000000000
0000000000000000111111111111111100000000000000000000000000000000000000000000000000000000000000000000000000000000000000000000000000000000000000000000000000000000000000000000000000000000000000000000000000000000000000000000000000000000000000000000000000000000
0000000000000000000000000000000011111111111111110000000000000000000000000000000000000000000000000000000000000000000000000000000000000000000000000000000000000000000000000000000000000000000000000000000000000000000000000000000000000000000000000000000000000000
0000000000000000000000000000000000000000000000001111111111111111000000000000000000000000000000000000000000000000000000000000000000000000000000000000000000000000000000000000000000000000000000000000000000000000000000000000000000000000000000000000000000000000
0000000000000000000000000000000000000000000000000000000000000000111111111111111100000000000000000000000000000000000000000000000000000000000000000000000000000000000000000000000000000000000000000000000000000000000000000000000000000000000000000000000000000000
0000000000000000000000000000000000000000000000000000000000000000000000000000000011111111111111110000000000000000000000000000000000000000000000000000000000000000000000000000000000000000000000000000000000000000000000000000000000000000000000000000000000000000
0000000000000000000000000000000000000000000000000000000000000000000000000000000000000000000000001111111111111111000000000000000000000000000000000000000000000000000000000000000000000000000000000000000000000000000000000000000000000000000000000000000000000000
0000000000000000000000000000000000000000000000000000000000000000000000000000000000000000000000000000000000000000111111111111111100000000000000000000000000000000000000000000000000000000000000000000000000000000000000000000000000000000000000000000000000000000
0000000000000000000000000000000000000000000000000000000000000000000000000000000000000000000000000000000000000000000000000000000011111111111111110000000000000000000000000000000000000000000000000000000000000000000000000000000000000000000000000000000000000000
0000000000000000000000000000000000000000000000000000000000000000000000000000000000000000000000000000000000000000000000000000000000000000000000001111111111111111000000000000000000000000000000000000000000000000000000000000000000000000000000000000000000000000
0000000000000000000000000000000000000000000000000000000000000000000000000000000000000000000000000000000000000000000000000000000000000000000000000000000000000000111111111111111100000000000000000000000000000000000000000000000000000000000000000000000000000000
0000000000000000000000000000000000000000000000000000000000000000000000000000000000000000000000000000000000000000000000000000000000000000000000000000000000000000000000000000000011111111111111110000000000000000000000000000000000000000000000000000000000000000
0000000000000000000000000000000000000000000000000000000000000000000000000000000000000000000000000000000000000000000000000000000000000000000000000000000000000000000000000000000000000000000000001111111111111111000000000000000000000000000000000000000000000000
0000000000000000000000000000000000000000000000000000000000000000000000000000000000000000000000000000000000000000000000000000000000000000000000000000000000000000000000000000000000000000000000000000000000000000111111111111111100000000000000000000000000000000
0000000000000000000000000000000000000000000000000000000000000000000000000000000000000000000000000000000000000000000000000000000000000000000000000000000000000000000000000000000000000000000000000000000000000000000000000000000011111111111111110000000000000000
0000000000000000000000000000000000000000000000000000000000000000000000000000000000000000000000000000000000000000000000000000000000000000000000000000000000000000000000000000000000000000000000000000000000000000000000000000000000000000000000001111111111111111
1101101001001100110110100100110011011010010011001101101001001100110110100100110011011010010011001101101001001100110110100100110000000000000000000000000000000000000000000000000000000000000000000000000000000000000000000000000000000000000000000000000000000000
1010010111001100101001011100110010100101110011001010010111001100101001011100110010100101110011001010010111001100101001011100110000000000000000000000000000000000000000000000000000000000000000000000000000000000000000000000000000000000000000000000000000000000
1001011010101010100101101010101010010110101010101001011010101010100101101010101010010110101010101001011010101010100101101010101000000000000000000000000000000000000000000000000000000000000000000000000000000000000000000000000000000000000000000000000000000000
1000101110010110100010111001011010001011100101101000101110010110100010111001011010001011100101101000101110010110100010111001011000000000000000000000000000000000000000000000000000000000000000000000000000000000000000000000000000000000000000000000000000000000
0000000000000000000000000000000000000000000000000000000000000000000000000000000000000000000000000000000000000000000000000000000011011010010011001101101001001100110110100100110011011010010011001101101001001100110110100100110011011010010011001101101001001100
0000000000000000000000000000000000000000000000000000000000000000000000000000000000000000000000000000000000000000000000000000000010100101110011001010010111001100101001011100110010100101110011001010010111001100101001011100110010100101110011001010010111001100
0000000000000000000000000000000000000000000000000000000000000000000000000000000000000000000000000000000000000000000000000000000010010110101010101001011010101010100101101010101010010110101010101001011010101010100101101010101010010110101010101001011010101010
0000000000000000000000000000000000000000000000000000000000000000000000000000000000000000000000000000000000000000000000000000000010001011100101101000101110010110100010111001011010001011100101101000101110010110100010111001011010001011100101101000101110010110
0101011111110100000101000111111011100101100001101101111000110110010101101000001000100110111010101000011101011100011100010100100001010111111101000001010001111110111001011000011011011110001101100101011010000010001001101110101010000111010111000111000101001000
1000011010100010100001101001001010010100110000100111001111010000001010011000011001111010000010000011101000101110100101000100000010000110101000101000011010010010100101001100001001110011110100000010100110000110011110100000100000111010001011101001010001000000
1010101110010100101010100101000001010100101001000111000011100110001001100010011001000010111010000011101000100100001011100010100010101011100101001010101001010000010101001010010001110000111001100010011000100110010000101110100000111010001001000010111000101000
1001001001011000100001001110100001010110000110000011011110000110111001100011001000110111000100000011001010010010010111010010000010010010010110001000010011101000010101100001100000110111100001101110011000110010001101110001000000110010100100100101110100100000
1001001010101110010010000111100011100101111001100111000000111000010100010010110000110000110000001011101110000100110100100110000010010010101011100100100001111000111001011110011001110000001110000101000100101100001100001100000010111011100001001101001001100000
1000101101101010111111000011101000110010111110001010101001100000101000110010001010111101001101101011000110000100001001100010000010001011011010101111110000111010001100101111100010101010011000001010001100100010101111010011011010110001100001000010011000100000
0100110001101000001011000001011001001000010001001111110010010110000101010010101000000111000000101010010011010000101011110100100001001100011010000010110000010110010010000100010011111100100101100001010100101010000001110000001010100100110100001010111101001000
0110000000111010110110000100111001111011110001101101010110101110110001000001011001011011110100000010111011100100100110110010000001100000001110101101100001001110011110111100011011010101101011101100010000010110010110111101000000101110111001001001101100100000
0011000101010100110110101001001010010111111100101110001001010000011000000011011011010101111010100001100110001100011010000000100000110001010101001101101010010010100101111111001011100010010100000110000000110110110101011110101000011001100011000110100000001000
0110000010100000001100000000101010111100110010001011100101110110011011001000010011100000001000000010011011101010100010000110000001100000101000000011000000001010101111001100100010111001011101100110110010000100111000000010000000100110111010101000100001100000
0100001110100100111110111101101011011101101100100110010011110010001011101100000000111001010010001100101100110100110100110110100001000011101001001111101111011010110111011011001001100100111100100010111011000000001110010100100011001011001101001101001101101000
0111111111110010100100010111000010101000100100101111000100011100101100001100100011100100110101000101101101001010110110000010100001111111111100101001000101110000101010001001001011110001000111001011000011001000111001001101010001011011010010101101100000101000
0101001111101000000000001001110011111101111100101111011000100100011100011010101001010000001101100111011011110100110100100110000001010011111010000000000010011100111111011111001011110110001001000111000110101010010100000011011001110110111101001101001001100000
0010011111000000000111010100001011010001111011100100110010001010100110110100101010001110100100001100010101010000011110000010100000100111110000000001110101000010110100011110111001001100100010101001101101001010100011101001000011000101010100000111100000101000
0010110001111100000010111100010011011101110001101110111011111010110011110000011000011110000000000000100111000110011001110010000000101100011111000000101111000100110111011100011011101110111110101100111100000110000111100000000000001001110001100110011100100000
1100110010100000110110110011110001110011000110101111001011100000010110000011111010101000100101001101101100011000000011110100100011001100101000001101101100111100011100110001101011110010111000000101100000111110101010001001010011011011000110000000111101001000
1010101000000110100011100001100010000010100101101100000000001010010011111111111001011111110111100001111011101000010111100010000010101010000001101000111000011000100000101001011011000000000010100100111111111110010111111101111000011110111010000101111000100000
1110111110110000011100010110000010000001110001101001011111101100111111101000110001010000100011101111000010101100001000010110000011101111101100000111000101100000100000011100011010010111111011001111111010001100010100001000111011110000101011000010000101100000
1011010101111100111001000100010001101110110001001010001100110000010000101111101000000001101110100001011100111010101100010000000010110101011111001110010001000100011011101100010010100011001100000100001011111010000000011011101000010111001110101011000100000000
0100000110001110001000101100101000000100110000101111110011111100000111101101001001011010000101000001110011010110110110110000000001000001100011100010001011001010000001001100001011111100111111000001111011010010010110100001010000011100110101101101101100000000
0011111011110100011111111011101011011000011000000111010000001100001100001000111000000101001110101010010010110000010011000010000000111110111101000111111110111010110110000110000001110100000011000011000010001110000001010011101010100100101100000100110000100000
