Z checks
1111111100000000000000000000000000000000000000000000000000000000000000000000000000000000000000000000000000000000000000000000000000000000000000000000000000000000000000000000000000000000000000000000000000000000000000000000000000000000000000000000000000000000
0000000011111111000000000000000000000000000000000000000000000000000000000000000000000000000000000000000000000000000000000000000000000000000000000000000000000000000000000000000000000000000000000000000000000000000000000000000000000000000000000000000000000000
0000000000000000111111110000000000000000000000000000000000000000000000000000000000000000000000000000000000000000000000000000000000000000000000000000000000000000000000000000000000000000000000000000000000000000000000000000000000000000000000000000000000000000
0000000000000000000000001111111100000000000000000000000000000000000000000000000000000000000000000000000000000000000000000000000000000000000000000000000000000000000000000000000000000000000000000000000000000000000000000000000000000000000000000000000000000000
0000000000000000000000000000000011111111000000000000000000000000000000000000000000000000000000000000000000000000000000000000000000000000000000000000000000000000000000000000000000000000000000000000000000000000000000000000000000000000000000000000000000000000
0000000000000000000000000000000000000000111111110000000000000000000000000000000000000000000000000000000000000000000000000000000000000000000000000000000000000000000000000000000000000000000000000000000000000000000000000000000000000000000000000000000000000000
0000000000000000000000000000000000000000000000001111111100000000000000000000000000000000000000000000000000000000000000000000000000000000000000000000000000000000000000000000000000000000000000000000000000000000000000000000000000000000000000000000000000000000
0000000000000000000000000000000000000000000000000000000011111111000000000000000000000000000000000000000000000000000000000000000000000000000000000000000000000000000000000000000000000000000000000000000000000000000000000000000000000000000000000000000000000000
0000000000000000000000000000000000000000000000000000000000000000111111110000000000000000000000000000000000000000000000000000000000000000000000000000000000000000000000000000000000000000000000000000000000000000000000000000000000000000000000000000000000000000
0000000000000000000000000000000000000000000000000000000000000000000000001111111100000000000000000000000000000000000000000000000000000000000000000000000000000000000000000000000000000000000000000000000000000000000000000000000000000000000000000000000000000000
0000000000000000000000000000000000000000000000000000000000000000000000000000000011111111000000000000000000000000000000000000000000000000000000000000000000000000000000000000000000000000000000000000000000000000000000000000000000000000000000000000000000000000
0000000000000000000000000000000000000000000000000000000000000000000000000000000000000000111111110000000000000000000000000000000000000000000000000000000000000000000000000000000000000000000000000000000000000000000000000000000000000000000000000000000000000000
0000000000000000000000000000000000000000000000000000000000000000000000000000000000000000000000001111111100000000000000000000000000000000000000000000000000000000000000000000000000000000000000000000000000000000000000000000000000000000000000000000000000000000
0000000000000000000000000000000000000000000000000000000000000000000000000000000000000000000000000000000011111111000000000000000000000000000000000000000000000000000000000000000000000000000000000000000000000000000000000000000000000000000000000000000000000000
0000000000000000000000000000000000000000000000000000000000000000000000000000000000000000000000000000000000000000111111110000000000000000000000000000000000000000000000000000000000000000000000000000000000000000000000000000000000000000000000000000000000000000
0000000000000000000000000000000000000000000000000000000000000000000000000000000000000000000000000000000000000000000000001111111100000000000000000000000000000000000000000000000000000000000000000000000000000000000000000000000000000000000000000000000000000000
0000000000000000000000000000000000000000000000000000000000000000000000000000000000000000000000000000000000000000000000000000000011111111000000000000000000000000000000000000000000000000000000000000000000000000000000000000000000000000000000000000000000000000
0000000000000000000000000000000000000000000000000000000000000000000000000000000000000000000000000000000000000000000000000000000000000000111111110000000000000000000000000000000000000000000000000000000000000000000000000000000000000000000000000000000000000000
0000000000000000000000000000000000000000000000000000000000000000000000000000000000000000000000000000000000000000000000000000000000000000000000001111111100000000000000000000000000000000000000000000000000000000000000000000000000000000000000000000000000000000
0000000000000000000000000000000000000000000000000000000000000000000000000000000000000000000000000000000000000000000000000000000000000000000000000000000011111111000000000000000000000000000000000000000000000000000000000000000000000000000000000000000000000000
0000000000000000000000000000000000000000000000000000000000000000000000000000000000000000000000000000000000000000000000000000000000000000000000000000000000000000111111110000000000000000000000000000000000000000000000000000000000000000000000000000000000000000
0000000000000000000000000000000000000000000000000000000000000000000000000000000000000000000000000000000000000000000000000000000000000000000000000000000000000000000000001111111100000000000000000000000000000000000000000000000000000000000000000000000000000000
0000000000000000000000000000000000000000000000000000000000000000000000000000000000000000000000000000000000000000000000000000000000000000000000000000000000000000000000000000000011111111000000000000000000000000000000000000000000000000000000000000000000000000
0000000000000000000000000000000000000000000000000000000000000000000000000000000000000000000000000000000000000000000000000000000000000000000000000000000000000000000000000000000000000000111111110000000000000000000000000000000000000000000000000000000000000000
0000000000000000000000000000000000000000000000000000000000000000000000000000000000000000000000000000000000000000000000000000000000000000000000000000000000000000000000000000000000000000000000001111111100000000000000000000000000000000000000000000000000000000
0000000000000000000000000000000000000000000000000000000000000000000000000000000000000000000000000000000000000000000000000000000000000000000000000000000000000000000000000000000000000000000000000000000011111111000000000000000000000000000000000000000000000000
0000000000000000000000000000000000000000000000000000000000000000000000000000000000000000000000000000000000000000000000000000000000000000000000000000000000000000000000000000000000000000000000000000000000000000111111110000000000000000000000000000000000000000
0000000000000000000000000000000000000000000000000000000000000000000000000000000000000000000000000000000000000000000000000000000000000000000000000000000000000000000000000000000000000000000000000000000000000000000000001111111100000000000000000000000000000000
0000000000000000000000000000000000000000000000000000000000000000000000000000000000000000000000000000000000000000000000000000000000000000000000000000000000000000000000000000000000000000000000000000000000000000000000000000000011111111000000000000000000000000
0000000000000000000000000000000000000000000000000000000000000000000000000000000000000000000000000000000000000000000000000000000000000000000000000000000000000000000000000000000000000000000000000000000000000000000000000000000000000000111111110000000000000000
0000000000000000000000000000000000000000000000000000000000000000000000000000000000000000000000000000000000000000000000000000000000000000000000000000000000000000000000000000000000000000000000000000000000000000000000000000000000000000000000001111111100000000
0000000000000000000000000000000000000000000000000000000000000000000000000000000000000000000000000000000000000000000000000000000000000000000000000000000000000000000000000000000000000000000000000000000000000000000000000000000000000000000000000000000011111111
0100110101001101010011010100110101001101010011010100110101001101010011010100110101001101010011010100110101001101010011010100110100000000000000000000000000000000000000000000000000000000000000000000000000000000000000000000000000000000000000000000000000000000
0010101100101011001010110010101100101011001010110010101100101011001010110010101100101011001010110010101100101011001010110010101100000000000000000000000000000000000000000000000000000000000000000000000000000000000000000000000000000000000000000000000000000000
0001011100010111000101110001011100010111000101110001011100010111000101110001011100010111000101110001011100010111000101110001011100000000000000000000000000000000000000000000000000000000000000000000000000000000000000000000000000000000000000000000000000000000
0000000000000000000000000000000000000000000000000000000000000000000000000000000000000000000000000000000000000000000000000000000001001101010011010100110101001101010011010100110101001101010011010100110101001101010011010100110101001101010011010100110101001101
0000000000000000000000000000000000000000000000000000000000000000000000000000000000000000000000000000000000000000000000000000000000101011001010110010101100101011001010110010101100101011001010110010101100101011001010110010101100101011001010110010101100101011
0000000000000000000000000000000000000000000000000000000000000000000000000000000000000000000000000000000000000000000000000000000000010111000101110001011100010111000101110001011100010111000101110001011100010111000101110001011100010111000101110001011100010111
0000100100001010001010001011000110010000001100000011000000110110001101100011010110010011000110001010111110100000101101000011001100001001000010100010100010110001100100000011000000110000001101100011011000110101100100110001100010101111101000001011010000110011
0110000010000010000100010000000000001010000101111010110010001110100001000010011100000000000111011011001010100101100001001011101101100000100000100001000100000000000010100001011110101100100011101000010000100111000000000001110110110010101001011000010010111011
0000000000001001100110100010000110001101101101001000010000010010100100000010010010011100100011011010011000001010100100001011011100000000000010011001101000100001100011011011010010000100000100101001000000100100100111001000110110100110000010101001000010110111
1000100000000000001000011001011010010000001001000011110010100000100100111000010010000100000010011000110100001001000000000011010110001000000000000010000110010110100100000010010000111100101000001001001110000100100001000000100110001101000010010000000000110101
1100000000001001001000010011010110000010000001101010011000010100001100000010000110101001000111011011100000000011100010000010011111000000000010010010000100110101100000100000011010100110000101000011000000100001101010010001110110111000000000111000100000100111
1100100100000000101010100010010000010100001001001010011000011110000110110001010010011100000110001000111000100001100100000010000111001001000000001010101000100100000101000010010010100110000111100001101100010100100111000001100010001110001000011001000000100001
1110100000001001100000101011010010010000101001100011000010010000001101100010000110001101100001001001001110000100101111011010111111101000000010011000001010110100100100001010011000110000100100000011011000100001100011011000010010010011100001001011110110101111
0010100000001010000100010001000110000100100101100000011000001100100001000010000110000100100001111000000100001100000011001011100000101000000010100001000100010001100001001001011000000110000011001000010000100001100001001000011110000001000011000000110010111000
1010100100000110101010010011000010011010001001001011001000100100001000010011001110001000000011001001110000101011000011000011110010101001000001101010100100110000100110100010010010110010001001000010000100110011100010000000110010011100001010110000110000111100
1010100100001001101000111000000100011000101000001010110010100011000101000010010000010100000110001000000100000101001010000011110010101001000010011010001110000001000110001010000010101100101000110001010000100100000101000001100010000001000001010010100000111100
1010000010001000100100110000000000010010000000001001000010010110100100000011000010001000000010011000111010000010101001101000111010100000100010001001001100000000000100100000000010010000100101101001000000110000100010000000100110001110100000101010011010001110
0000000000000000101100101000010010101100000100101000010010100000001100110010000100010001100111000011010100101110101000000010001000000000000000001011001010000100101011000001001010000100101000000011001100100001000100011001110000110101001011101010000000100010
0110100100000011101100010010010000001010100100000000011010010000100101011000001000000000001001000011111100001100000011000000000001101001000000111011000100100100000010101001000000000110100100001001010110000010000000000010010000111111000011000000110000000000
1000100010000010001001001010000000000000100101100011101000110000001001001011010000000000000011001000111010001110001100001000001010001000100000100010010010100000000000001001011000111010001100000010010010110100000000000000110010001110100011100011000010000010
1110000100100001101010100000010100000110000101000010001010010000000101110011000010010000000011000000010100100010101101000010010011100001001000011010101000000101000001100001010000100010100100000001011100110000100100000000110000000101001000101011010000100100
1100100100000000100010110000010110000100001100000001100010010000000001011010111110000001000110001001100100000110000110001010011011001001000000001000101100000101100001000011000000011000100100000000010110101111100000010001100010011001000001100001100010100110
0010100000000000000010101010010100000000001000100010110100011000000001011000011100010001100010000010010000000110000011000000000000101000000000000000101010100101000000000010001000101101000110000000010110000111000100011000100000100100000001100000110000000000
0000000010000010000010101000010010001110101000001000010010111000100000100001011100000000100001000000000010010110000000000000000000000000100000100000101010000100100011101010000010000100101110001000001000010111000000001000010000000000100101100000000000000000
1110100010000001001110010000110010000100100001000001010000011000101000000010011100000000100100000000001110100110000000001000010011101000100000010011100100001100100001001000010000010100000110001010000000100111000000001001000000000011101001100000000010000100
1000100000000000000000110001000110000100001010000001100010000010000001011010000010001101100110011000000110000001100010000000110010001000000000000000001100010001100001000010100000011000100000100000010110100000100011011001100110000001100000011000100000001100

X checks
1111111100000000000000000000000000000000000000000000000000000000000000000000000000000000000000000000000000000000000000000000000000000000000000000000000000000000000000000000000000000000000000000000000000000000000000000000000000000000000000000000000000000000
0000000011111111000000000000000000000000000000000000000000000000000000000000000000000000000000000000000000000000000000000000000000000000000000000000000000000000000000000000000000000000000000000000000000000000000000000000000000000000000000000000000000000000
0000000000000000111111110000000000000000000000000000000000000000000000000000000000000000000000000000000000000000000000000000000000000000000000000000000000000000000000000000000000000000000000000000000000000000000000000000000000000000000000000000000000000000
0000000000000000000000001111111100000000000000000000000000000000000000000000000000000000000000000000000000000000000000000000000000000000000000000000000000000000000000000000000000000000000000000000000000000000000000000000000000000000000000000000000000000000
0000000000000000000000000000000011111111000000000000000000000000000000000000000000000000000000000000000000000000000000000000000000000000000000000000000000000000000000000000000000000000000000000000000000000000000000000000000000000000000000000000000000000000
0000000000000000000000000000000000000000111111110000000000000000000000000000000000000000000000000000000000000000000000000000000000000000000000000000000000000000000000000000000000000000000000000000000000000000000000000000000000000000000000000000000000000000
0000000000000000000000000000000000000000000000001111111100000000000000000000000000000000000000000000000000000000000000000000000000000000000000000000000000000000000000000000000000000000000000000000000000000000000000000000000000000000000000000000000000000000
0000000000000000000000000000000000000000000000000000000011111111000000000000000000000000000000000000000000000000000000000000000000000000000000000000000000000000000000000000000000000000000000000000000000000000000000000000000000000000000000000000000000000000
0000000000000000000000000000000000000000000000000000000000000000111111110000000000000000000000000000000000000000000000000000000000000000000000000000000000000000000000000000000000000000000000000000000000000000000000000000000000000000000000000000000000000000
0000000000000000000000000000000000000000000000000000000000000000000000001111111100000000000000000000000000000000000000000000000000000000000000000000000000000000000000000000000000000000000000000000000000000000000000000000000000000000000000000000000000000000
0000000000000000000000000000000000000000000000000000000000000000000000000000000011111111000000000000000000000000000000000000000000000000000000000000000000000000000000000000000000000000000000000000000000000000000000000000000000000000000000000000000000000000
0000000000000000000000000000000000000000000000000000000000000000000000000000000000000000111111110000000000000000000000000000000000000000000000000000000000000000000000000000000000000000000000000000000000000000000000000000000000000000000000000000000000000000
0000000000000000000000000000000000000000000000000000000000000000000000000000000000000000000000001111111100000000000000000000000000000000000000000000000000000000000000000000000000000000000000000000000000000000000000000000000000000000000000000000000000000000
0000000000000000000000000000000000000000000000000000000000000000000000000000000000000000000000000000000011111111000000000000000000000000000000000000000000000000000000000000000000000000000000000000000000000000000000000000000000000000000000000000000000000000
0000000000000000000000000000000000000000000000000000000000000000000000000000000000000000000000000000000000000000111111110000000000000000000000000000000000000000000000000000000000000000000000000000000000000000000000000000000000000000000000000000000000000000
0000000000000000000000000000000000000000000000000000000000000000000000000000000000000000000000000000000000000000000000001111111100000000000000000000000000000000000000000000000000000000000000000000000000000000000000000000000000000000000000000000000000000000
0000000000000000000000000000000000000000000000000000000000000000000000000000000000000000000000000000000000000000000000000000000011111111000000000000000000000000000000000000000000000000000000000000000000000000000000000000000000000000000000000000000000000000
0000000000000000000000000000000000000000000000000000000000000000000000000000000000000000000000000000000000000000000000000000000000000000111111110000000000000000000000000000000000000000000000000000000000000000000000000000000000000000000000000000000000000000
0000000000000000000000000000000000000000000000000000000000000000000000000000000000000000000000000000000000000000000000000000000000000000000000001111111100000000000000000000000000000000000000000000000000000000000000000000000000000000000000000000000000000000
0000000000000000000000000000000000000000000000000000000000000000000000000000000000000000000000000000000000000000000000000000000000000000000000000000000011111111000000000000000000000000000000000000000000000000000000000000000000000000000000000000000000000000
0000000000000000000000000000000000000000000000000000000000000000000000000000000000000000000000000000000000000000000000000000000000000000000000000000000000000000111111110000000000000000000000000000000000000000000000000000000000000000000000000000000000000000
0000000000000000000000000000000000000000000000000000000000000000000000000000000000000000000000000000000000000000000000000000000000000000000000000000000000000000000000001111111100000000000000000000000000000000000000000000000000000000000000000000000000000000
0000000000000000000000000000000000000000000000000000000000000000000000000000000000000000000000000000000000000000000000000000000000000000000000000000000000000000000000000000000011111111000000000000000000000000000000000000000000000000000000000000000000000000
0000000000000000000000000000000000000000000000000000000000000000000000000000000000000000000000000000000000000000000000000000000000000000000000000000000000000000000000000000000000000000111111110000000000000000000000000000000000000000000000000000000000000000
0000000000000000000000000000000000000000000000000000000000000000000000000000000000000000000000000000000000000000000000000000000000000000000000000000000000000000000000000000000000000000000000001111111100000000000000000000000000000000000000000000000000000000
0000000000000000000000000000000000000000000000000000000000000000000000000000000000000000000000000000000000000000000000000000000000000000000000000000000000000000000000000000000000000000000000000000000011111111000000000000000000000000000000000000000000000000
0000000000000000000000000000000000000000000000000000000000000000000000000000000000000000000000000000000000000000000000000000000000000000000000000000000000000000000000000000000000000000000000000000000000000000111111110000000000000000000000000000000000000000
0000000000000000000000000000000000000000000000000000000000000000000000000000000000000000000000000000000000000000000000000000000000000000000000000000000000000000000000000000000000000000000000000000000000000000000000001111111100000000000000000000000000000000
0000000000000000000000000000000000000000000000000000000000000000000000000000000000000000000000000000000000000000000000000000000000000000000000000000000000000000000000000000000000000000000000000000000000000000000000000000000011111111000000000000000000000000
0000000000000000000000000000000000000000000000000000000000000000000000000000000000000000000000000000000000000000000000000000000000000000000000000000000000000000000000000000000000000000000000000000000000000000000000000000000000000000111111110000000000000000
0000000000000000000000000000000000000000000000000000000000000000000000000000000000000000000000000000000000000000000000000000000000000000000000000000000000000000000000000000000000000000000000000000000000000000000000000000000000000000000000001111111100000000
0000000000000000000000000000000000000000000000000000000000000000000000000000000000000000000000000000000000000000000000000000000000000000000000000000000000000000000000000000000000000000000000000000000000000000000000000000000000000000000000000000000011111111
1100110011001100110011001100110011001100110011001100110011001100110011001100110011001100110011001100110011001100110011001100110000000000000000000000000000000000000000000000000000000000000000000000000000000000000000000000000000000000000000000000000000000000
1010101010101010101010101010101010101010101010101010101010101010101010101010101010101010101010101010101010101010101010101010101000000000000000000000000000000000000000000000000000000000000000000000000000000000000000000000000000000000000000000000000000000000
1001011010010110100101101001011010010110100101101001011010010110100101101001011010010110100101101001011010010110100101101001011000000000000000000000000000000000000000000000000000000000000000000000000000000000000000000000000000000000000000000000000000000000
0000000000000000000000000000000000000000000000000000000000000000000000000000000000000000000000000000000000000000000000000000000011001100110011001100110011001100110011001100110011001100110011001100110011001100110011001100110011001100110011001100110011001100
0000000000000000000000000000000000000000000000000000000000000000000000000000000000000000000000000000000000000000000000000000000010101010101010101010101010101010101010101010101010101010101010101010101010101010101010101010101010101010101010101010101010101010
0000000000000000000000000000000000000000000000000000000000000000000000000000000000000000000000000000000000000000000000000000000010010110100101101001011010010110100101101001011010010110100101101001011010010110100101101001011010010110100101101001011010010110
0000001101011010001010000111000101010000001100000011000000110110001101100011010101010011000110000110111101100000011101000011001100000011010110100010100001110001010100000011000000110000001101100011011000110101010100110001100001101111011000000111010000110011
0000011001000010000100010000000000001010000101110110110001001110010001000010011100000000000111010111001001100101010001000111101100000110010000100001000100000000000010100001011101101100010011100100010000100111000000000001110101110010011001010100010001111011
0001001001011001010110100010000101001101011101000100010000010010010100000010010001011100010011010110011000001010010100000111011100010010010110010101101000100001010011010111010001000100000100100101000000100100010111000100110101100110000010100101000001110111
0001001000000000001000010101011001010000001001000011110001100000010100110100010001000100000010010100110100001001000000000011010100010010000000000010000101010110010100000010010000111100011000000101001101000100010001000000100101001101000010010000000000110101
0000000000001001001000010011010101000010000001100110011000010100001100000010000101101001000111010111100000000011010010000010011100000000000010010010000100110101010000100000011001100110000101000011000000100001011010010001110101111000000000110100100000100111
0000001101010000011010100010010000010100001001000110011000011110000110110001010001011100000110000100111000100001010100000010000100000011010100000110101000100100000101000010010001100110000111100001101100010100010111000001100001001110001000010101000000100001
0001010000001001010000100111010001010000011001100011000001010000001101100010000101001101010001000101001101000100011111010110111100010100000010010100001001110100010100000110011000110000010100000011011000100001010011010100010001010011010001000111110101101111
0000000000001010000100010001000101000100010101100000011000001100010001000010000101000100010001110100000100001100000011000111100000000000000010100001000100010001010001000101011000000110000011000100010000100001010001000100011101000001000011000000110001111000
0001011100000110011010010011000001011010001001000111001000100100001000010011001101001000000011000101110000101011000011000011110000010111000001100110100100110000010110100010010001110010001001000010000100110011010010000000110001011100001010110000110000111100
0001000101011001011000110100000100011000011000000110110001100011000101000010010000010100000110000100000100000101001010000011110000010001010110010110001101000001000110000110000001101100011000110001010000100100000101000001100001000001000001010010100000111100
0000000000011000010100110000000000010010000000000101000001010110010100000011000001001000000010010100111001000010011001100100111000000000000110000101001100000000000100100000000001010000010101100101000000110000010010000000100101001110010000100110011001001110
0000011001010000011100100100010001101100000100100100010001100000001100110010000100010001010111000011010100101110011000000010001000000110010100000111001001000100011011000001001001000100011000000011001100100001000100010101110000110101001011100110000000100010
0001000101010011011100010010010000001010010100000000011001010000010101010100001000000000001001000011111100001100000011000000000000010001010100110111000100100100000010100101000000000110010100000101010101000010000000000010010000111111000011000000110000000000
0001001001000010001001000110000000000000010101100011101000110000001001000111010000000000000011000100111001001110001100000100001000010010010000100010010001100000000000000101011000111010001100000010010001110100000000000000110001001110010011100011000001000010
0000001101110001011010100000010100000110000101000010001001010000000101110011000001010000000011000000010100100010011101000010010000000011011100010110101000000101000001100001010000100010010100000001011100110000010100000000110000000101001000100111010000100100
0001000100000000010010110000010101000100001100000001100001010000000001010110111101000001000110000101100100000110000110000110011000010001000000000100101100000101010001000011000000011000010100000000010101101111010000010001100001011001000001100001100001100110
0000000000000000000010100110010100000000001000100010110100011000000001010100011100010001010010000010010000000110000011000000000000000000000000000000101001100101000000000010001000101101000110000000010101000111000100010100100000100100000001100000110000000000
0001010001000010000010100100010001001110011000000100010001111000010000100001011100000000010001000000000001010110000000000000000000010100010000100000101001000100010011100110000001000100011110000100001000010111000000000100010000000000010101100000000000000000
0001010001000001001110010000110001000100010001000001010000011000011000000010011100000000010100000000001101100110000000000100010000010100010000010011100100001100010001000100010000010100000110000110000000100111000000000101000000000011011001100000000001000100
0000011000000000000000110001000101000100001010000001100001000010000001010110000001001101010110010100000101000001010010000000110000000110000000000000001100010001010001000010100000011000010000100000010101100000010011010101100101000001010000010100100000001100

