Z checks
1111111111111111000000000000000000000000000000000000000000000000000000000000000000000000000000000000000000000000000000000000000000000000000000000000000000000000000000000000000000000000000000000000000000000000000000000000000000000000000000000000000000000000
0000000000000000111111111111111100000000000000000000000000000000000000000000000000000000000000000000000000000000000000000000000000000000000000000000000000000000000000000000000000000000000000000000000000000000000000000000000000000000000000000000000000000000
0000000000000000000000000000000011111111111111110000000000000000000000000000000000000000000000000000000000000000000000000000000000000000000000000000000000000000000000000000000000000000000000000000000000000000000000000000000000000000000000000000000000000000
0000000000000000000000000000000000000000000000001111111111111111000000000000000000000000000000000000000000000000000000000000000000000000000000000000000000000000000000000000000000000000000000000000000000000000000000000000000000000000000000000000000000000000
0000000000000000000000000000000000000000000000000000000000000000111111111111111100000000000000000000000000000000000000000000000000000000000000000000000000000000000000000000000000000000000000000000000000000000000000000000000000000000000000000000000000000000
0000000000000000000000000000000000000000000000000000000000000000000000000000000011111111111111110000000000000000000000000000000000000000000000000000000000000000000000000000000000000000000000000000000000000000000000000000000000000000000000000000000000000000
0000000000000000000000000000000000000000000000000000000000000000000000000000000000000000000000001111111111111111000000000000000000000000000000000000000000000000000000000000000000000000000000000000000000000000000000000000000000000000000000000000000000000000
0000000000000000000000000000000000000000000000000000000000000000000000000000000000000000000000000000000000000000111111111111111100000000000000000000000000000000000000000000000000000000000000000000000000000000000000000000000000000000000000000000000000000000
0000000000000000000000000000000000000000000000000000000000000000000000000000000000000000000000000000000000000000000000000000000011111111111111110000000000000000000000000000000000000000000000000000000000000000000000000000000000000000000000000000000000000000
0000000000000000000000000000000000000000000000000000000000000000000000000000000000000000000000000000000000000000000000000000000000000000000000001111111111111111000000000000000000000000000000000000000000000000000000000000000000000000000000000000000000000000
0000000000000000000000000000000000000000000000000000000000000000000000000000000000000000000000000000000000000000000000000000000000000000000000000000000000000000111111111111111100000000000000000000000000000000000000000000000000000000000000000000000000000000
0000000000000000000000000000000000000000000000000000000000000000000000000000000000000000000000000000000000000000000000000000000000000000000000000000000000000000000000000000000011111111111111110000000000000000000000000000000000000000000000000000000000000000
0000000000000000000000000000000000000000000000000000000000000000000000000000000000000000000000000000000000000000000000000000000000000000000000000000000000000000000000000000000000000000000000001111111111111111000000000000000000000000000000000000000000000000
0000000000000000000000000000000000000000000000000000000000000000000000000000000000000000000000000000000000000000000000000000000000000000000000000000000000000000000000000000000000000000000000000000000000000000111111111111111100000000000000000000000000000000
0000000000000000000000000000000000000000000000000000000000000000000000000000000000000000000000000000000000000000000000000000000000000000000000000000000000000000000000000000000000000000000000000000000000000000000000000000000011111111111111110000000000000000
0000000000000000000000000000000000000000000000000000000000000000000000000000000000000000000000000000000000000000000000000000000000000000000000000000000000000000000000000000000000000000000000000000000000000000000000000000000000000000000000001111111111111111
0101000111011010010100011101101010101110001001011010111000100101101011100010010110101110001001010101000111011010010100011101101000000000000000000000000000000000000000000000000000000000000000000000000000000000000000000000000000000000000000000000000000000000
1100110010011001001100110110011000110011011001100011001101100110001100110110011011001100100110010011001101100110110011001001100100000000000000000000000000000000000000000000000000000000000000000000000000000000000000000000000000000000000000000000000000000000
1000000001111111100000000111111101111111100000000111111110000000100000000111111101111111100000000111111110000000011111111000000000000000000000000000000000000000000000000000000000000000000000000000000000000000000000000000000000000000000000000000000000000000
1101101000110010110110100011001000100101110011011101101000110010110110100011001011011010001100101101101000110010110110100011001000000000000000000000000000000000000000000000000000000000000000000000000000000000000000000000000000000000000000000000000000000000
0000000000000000000000000000000000000000000000000000000000000000000000000000000000000000000000000000000000000000000000000000000001001100111001101011001100011001101100110001100110110011000110011011001100011001010011001110011001001100111001100100110011100110
0000000000000000000000000000000000000000000000000000000000000000000000000000000000000000000000000000000000000000000000000000000001110100000101111000101111101000011101000001011101110100000101110111010000010111011101000001011101110100000101111000101111101000
0000000000000000000000000000000000000000000000000000000000000000000000000000000000000000000000000000000000000000000000000000000001011010010011010101101001001101010110100100110110100101101100101010010110110010101001011011001010100101101100101010010110110010
0000000000000000000000000000000000000000000000000000000000000000000000000000000000000000000000000000000000000000000000000000000011100010110000110001110100111100111000101100001111100010110000111110001011000011111000101100001100011101001111001110001011000011
0000000010000001000100100000001100001001000110000000100010010100001010000010100000010000100101001100000000001001000000000101000000000000100000010001001000000011000010010001100000001000100101000010100000101000000100001001010011000000000010010000000001010000
0010100010101001010000000000000100000000000010010011010001001010110000000100010000100001000000111000010010000100001100000000000000101000101010010100000000000001000000000000100100110100010010101100000001000100001000010000001110000100100001000011000000000000
0010110001000000001000011000000101000010000110000100000110000100110010111000000000010001100000010001010000000000001000000000010000101100010000000010000110000001010000100001100001000001100001001100101110000000000100011000000100010100000000000010000000000100
0100000100101000000100000001010100010000000000010000000001011100100001000010000111000000001100001000000011000001000100000001001101000001001010000001000000010101000100000000000100000000010111001000010000100001110000000011000010000000110000010001000000010011
0011000000010100001000011000100000000000100110100000010110100000011001000001000000100000100000000010011000000001100000001000011000110000000101000010000110001000000000001001101000000101101000000110010000010000001000001000000000100110000000011000000010000110
0100000000010000100010001010000000000110000000000100000000100000100001011101000001000101010100101001000001100000001010100000001001000000000100001000100010100000000001100000000001000000001000001000010111010000101110101010110110010000011000000010101000000010
1000010000000000000100000000111001000000010000000001001010001011011010000000100000010000000100000000100100000000100001111101010010000100000000000001000000001110010000000100000000010010100010110110100000001000000100000001000000001001000000000111100000101011
0000010100100010010010000000000001101110000000100100000100000000000100101000100000000110011000000000011001000001100110000000110100000101001000100100100000000000011011100000001001000001000000000001001010001000000001100110000000000110010000011001100000001101
0000010001101101010001000000011000000000100100000000000000000101000001100111001001000101000010000111000010000000110000000010000100000100011011010100010000000110000000001001000000000000000001010000011001110010010001010000100001110000100000001100000000100001
0010001010000010101001000010000000101011000100101010000000000110010000011001100101000011010000000000000000000000010100000000010100100010100000101010010000100000001010110001001010100000000001100100000110011001010000110100000000000000000000000101000000000101
0100000010001010101101001000000111001000001000001101001100001000000001000100000000011000010000100000000110100001000000001010000001000000100010101011010010000001110010000010000011010011000010000000010001000000000110000100001000000001101000010000000010100000
0010100001000111101001000000100000001010011010010001000010001100000100101110100010000000100000000001100000000000010000010000000000101000010001111010010000001000000010100110100100010000100011000001001011101000100000001000000000011000000000000100000100000000
0010100001100000101000111000010010000001000001100000010100010100000010000000100010110001010000100010000000000001000000110001000100101000011000001010001110000100100000010000011000000101000101000000100000001000101100010100001000100000000000010000001100010001
0010100000000000000100000001011010000001001010111100000000011000000010000000000100110000000001100100000110001000011001000001110000101000000000000001000000010110100000010010101111000000000110000000100000000001001100000000011001000001100010000110010000011100
0010000110000100001010000000000001000000100001100000001010000011000110100100000000111001000000001000001001010000011101010010000000100001100001000010100000000000010000001000011000000010100000110001101001000000001110010000000010000010010100000111010100100000
1001010000000010110010101001001101000110011100000000000101001001000100100001111010000110001000000000011000010001111110000100010110010100000000101100101010010011010001100111000000000001010010010001001000011110100001100010000000000110000100011111100001000101
1000010100000010001000001000010100001000000010001000100000001010100101010000000001000000011000011000001010000100000000011010110110000101000000100010000010000101000010000000100010001000000010101001010100000000010000000110000110000010100001000000000110101101
0000001100001010110001001000000010110000000100000001100111010011000000000001110100100011010000000000010100000000000000000000101000000011000010101100010010000000101100000001000000011001110100110000000000011101001000110100000000000101000000000000000000001010
0000001110011100000000010010110000100000100010100010000000000001010001100000100010011100000000000000000100001000001001110000001100000011100111000000000100101100001000001000101000100000000000010100011000001000100111000000000000000001000010000010011100000011
0000100000000001100101000011010011011000001001000010100000011000100100000000000001000001110000001110100000000011000100000000010000001000000000011001010000110100110110000010010000101000000110001001000000000000010000011100000011101000000000110001000000000100
0001100000000000000010100100000110000000110000101110000000000100111001001100000000000100110101010000000000100001000010000000111000011000000000000000101001000001100000001100001011100000000001001110010011000000000001001101010100000000001000010000100000001110

X checks
1111111111111111000000000000000000000000000000000000000000000000000000000000000000000000000000000000000000000000000000000000000000000000000000000000000000000000000000000000000000000000000000000000000000000000000000000000000000000000000000000000000000000000
0000000000000000111111111111111100000000000000000000000000000000000000000000000000000000000000000000000000000000000000000000000000000000000000000000000000000000000000000000000000000000000000000000000000000000000000000000000000000000000000000000000000000000
0000000000000000000000000000000011111111111111110000000000000000000000000000000000000000000000000000000000000000000000000000000000000000000000000000000000000000000000000000000000000000000000000000000000000000000000000000000000000000000000000000000000000000
0000000000000000000000000000000000000000000000001111111111111111000000000000000000000000000000000000000000000000000000000000000000000000000000000000000000000000000000000000000000000000000000000000000000000000000000000000000000000000000000000000000000000000
0000000000000000000000000000000000000000000000000000000000000000111111111111111100000000000000000000000000000000000000000000000000000000000000000000000000000000000000000000000000000000000000000000000000000000000000000000000000000000000000000000000000000000
0000000000000000000000000000000000000000000000000000000000000000000000000000000011111111111111110000000000000000000000000000000000000000000000000000000000000000000000000000000000000000000000000000000000000000000000000000000000000000000000000000000000000000
0000000000000000000000000000000000000000000000000000000000000000000000000000000000000000000000001111111111111111000000000000000000000000000000000000000000000000000000000000000000000000000000000000000000000000000000000000000000000000000000000000000000000000
0000000000000000000000000000000000000000000000000000000000000000000000000000000000000000000000000000000000000000111111111111111100000000000000000000000000000000000000000000000000000000000000000000000000000000000000000000000000000000000000000000000000000000
0000000000000000000000000000000000000000000000000000000000000000000000000000000000000000000000000000000000000000000000000000000011111111111111110000000000000000000000000000000000000000000000000000000000000000000000000000000000000000000000000000000000000000
0000000000000000000000000000000000000000000000000000000000000000000000000000000000000000000000000000000000000000000000000000000000000000000000001111111111111111000000000000000000000000000000000000000000000000000000000000000000000000000000000000000000000000
0000000000000000000000000000000000000000000000000000000000000000000000000000000000000000000000000000000000000000000000000000000000000000000000000000000000000000111111111111111100000000000000000000000000000000000000000000000000000000000000000000000000000000
0000000000000000000000000000000000000000000000000000000000000000000000000000000000000000000000000000000000000000000000000000000000000000000000000000000000000000000000000000000011111111111111110000000000000000000000000000000000000000000000000000000000000000
0000000000000000000000000000000000000000000000000000000000000000000000000000000000000000000000000000000000000000000000000000000000000000000000000000000000000000000000000000000000000000000000001111111111111111000000000000000000000000000000000000000000000000
0000000000000000000000000000000000000000000000000000000000000000000000000000000000000000000000000000000000000000000000000000000000000000000000000000000000000000000000000000000000000000000000000000000000000000111111111111111100000000000000000000000000000000
0000000000000000000000000000000000000000000000000000000000000000000000000000000000000000000000000000000000000000000000000000000000000000000000000000000000000000000000000000000000000000000000000000000000000000000000000000000011111111111111110000000000000000
0000000000000000000000000000000000000000000000000000000000000000000000000000000000000000000000000000000000000000000000000000000000000000000000000000000000000000000000000000000000000000000000000000000000000000000000000000000000000000000000001111111111111111
0100011100001111010001110000111101000111000011110100011100001111101110001111000010111000111100001011100011110000101110001111000000000000000000000000000000000000000000000000000000000000000000000000000000000000000000000000000000000000000000000000000000000000
1000101110010110011101000110100101110100011010010111010001101001100010111001011001110100011010010111010001101001011101000110100100000000000000000000000000000000000000000000000000000000000000000000000000000000000000000000000000000000000000000000000000000000
0010111001011010110100011010010100101110010110100010111001011010001011100101101000101110010110100010111001011010110100011010010100000000000000000000000000000000000000000000000000000000000000000000000000000000000000000000000000000000000000000000000000000000
1000000001111111100000000111111110000000011111110111111110000000100000000111111110000000011111111000000001111111011111111000000000000000000000000000000000000000000000000000000000000000000000000000000000000000000000000000000000000000000000000000000000000000
0000000000000000000000000000000000000000000000000000000000000000000000000000000000000000000000000000000000000000000000000000000011010001101001010010111001011010001011100101101011010001101001011101000110100101001011100101101011010001101001011101000110100101
0000000000000000000000000000000000000000000000000000000000000000000000000000000000000000000000000000000000000000000000000000000001000111000011110100011100001111010001110000111101000111000011110100011100001111101110001111000010111000111100000100011100001111
0000000000000000000000000000000000000000000000000000000000000000000000000000000000000000000000000000000000000000000000000000000011001100100110011100110010011001001100110110011000110011011001100011001101100110110011001001100100110011011001100011001101100110
0000000000000000000000000000000000000000000000000000000000000000000000000000000000000000000000000000000000000000000000000000000010000000011111111000000001111111011111111000000010000000011111111000000001111111100000000111111110000000011111111000000001111111
0100100000010100001000011000100000000000100110100000010110100000011001000001000000100000100000001010011000000000000000001000100001001000000101000010000110001000000000001001101000000101101000000110010000010000001000001000000010100110000000000000000010001000
0101010100110000100011000000010000000000000000001010000000000101000000000010000111000110001001000000100011010000001000010011000001010101001100001000110000000100000000000000000010100000000001010000000000100001110001100010010000001000110100000010000100110000
0001000000010000000100000010000010001000000000000001100010001000101101100010000010100010010000001100100000000001100100010001010100010000000100000001000000100000100010000000000000011000100010001011011000100000101000100100000011001000000000011001000100010101
0001000001000000000001100000000000001000111000000010000000101001001000000011100000100001100010001001111111101000000011000110000000010000010000000000011000000000000010001110000011011111110101100010000000111000001000011000100010011111111010000000110001100000
1110011010000101100110110111101011010000111000001100000000101110111000010001000100011010101000010011010101101001010100000000111111110000010100000111001001010000110001100011010100101001000001001111011111000100000011000111010011011100010000110100011011011010
0001010000000000000100000000111001000000010000001001001010001010011010000000100000010000000100000000100100000000000001110101111000010100000000000001000000001110010000000100000010010010100010100110100000001000000100000001000000001001000000001111100010100001
1000000111110000011000000000000011010000101000100000000001000010000100000100101001010000001000010001000000000010110011000000000010000001111100000110000000000000110100001010001000000000010000100001000001001010010100000010000100010000000000101100110000000000
0000000001100000000010001110000010101000000100000100000001000000010001001110000101000010100010000000000111010000001010010000001000000000011000000000100011100000101010000001000001000000010000000100010011100001010000101000100000000001110100000010100100000010
0010100000100001011111101001100111001010011101001001000111000001010000110001110010011110000110011000101111000101100001001100111110000110000001001101000010111100011001000101000111000000000110110001001011000110110011111100001100100101111000001101010100010101
0000100100001010001010100000001000000110101000000000100110100011010100000000000000001001000100100001000000000001100011000000000100001001000010100010101000000010000001101010000000001001101000110101000000000000000010010001001000010000000000011000110000000001
1101010011110101010001001000000100110000000100010110011000101101011111111110001100100011010000000000010100000000000000000000000000101011000010100100010010000001001100000001000101100110001011011000000000011100001000110100000000000101000000000000000000000000
1111000100000111110010111001100000111010001110011000100011010010110111010110100101111100000110101100011010010101111000001011000011000010011000010000011100000001000010010101111101000100010010110001000111110000101100001000001100001010000011000010110000101001
0011001101110100011000011101110001100110101110001011110101100011000111010000000001001000011100010000100010111111100000011110111001010001110010000000001101100000000001000000010000100000001000001000000001000011001010101100110101101010000000111110001101010010
1000001001101001001000000001010100110100010011111100001101000010010000110010010110100101110011001100111000000010010010010000001000101100010011001000111000110000100110100110101010010010100110001110110100000000111101000001011001100000001001110001100011011000
1000010100001011101010110100010101000011100001100110010010001001100000100001010010110001011001100110010000101001010000110000110101001001100100101001100000100011011100001110000010101000000100000100111010001101100000100000000010101000101100000111000001101011
0100110010000110111000000000000100101111100101000010110010010100000101001111001100000010100001100010001100001011100110101100010101001100100001101110000000000001110100000110101100101100100101000001010011110011000000101000011000100011000010111001101011000101
0000001000000010100000011011000101000000000010000001000111000000001010100000100011000000000000110000001110010000001000001101011000000010000000101000000110110001010000000000100000010001110000000010101000001000110000000000001100000011100100000010000011010110
0000000111001000000010100100001000000101000000000001101000100000100001000000001101001000100011100000101000100100001101000000010000000001110010000000101001000010000001010000000000011010001000001000010000000011010010001000111000001010001001000011010000000100
1001100000000100000010000000010000111011000001001001000001100000000110100000011100010100000000000010010000010100000010001001100010011000000001000000100000000100001110110000010010010000011000000001101000000111000101000000000000100100000101000000100010011000
0000010100101000101000011111001001110100110000001111111000110010111000111100100010001110101100101100000000101110010101010011000010001110101111100010101001100100000000001010100110001010010110110110100001011110000001010010010010110100010001111101111010100110
0001100000000000000100000001011010000001001010110100000000011001100010000000000011001111111110010100000110001000011001000001101000011000000000000001000000010110100000010010101101000000000110011000100000000000001100000000011001000001100010000110010000011010
