Z checks
111111111111111111111111000000000000000000000000000000000000000000000000000000000000000000000000000000000000000000000000000000000000000000000000000000000000000000000000000000000000000000000000000000000000000000000000000000000000000000000000000000000000000000000000000000000000000000000000
000000000000000000000000111111111111111111111111000000000000000000000000000000000000000000000000000000000000000000000000000000000000000000000000000000000000000000000000000000000000000000000000000000000000000000000000000000000000000000000000000000000000000000000000000000000000000000000000
000000000000000000000000000000000000000000000000111111111111111111111111000000000000000000000000000000000000000000000000000000000000000000000000000000000000000000000000000000000000000000000000000000000000000000000000000000000000000000000000000000000000000000000000000000000000000000000000
000000000000000000000000000000000000000000000000000000000000000000000000111111111111111111111111000000000000000000000000000000000000000000000000000000000000000000000000000000000000000000000000000000000000000000000000000000000000000000000000000000000000000000000000000000000000000000000000
000000000000000000000000000000000000000000000000000000000000000000000000000000000000000000000000111111111111111111111111000000000000000000000000000000000000000000000000000000000000000000000000000000000000000000000000000000000000000000000000000000000000000000000000000000000000000000000000
000000000000000000000000000000000000000000000000000000000000000000000000000000000000000000000000000000000000000000000000111111111111111111111111000000000000000000000000000000000000000000000000000000000000000000000000000000000000000000000000000000000000000000000000000000000000000000000000
000000000000000000000000000000000000000000000000000000000000000000000000000000000000000000000000000000000000000000000000000000000000000000000000111111111111111111111111000000000000000000000000000000000000000000000000000000000000000000000000000000000000000000000000000000000000000000000000
000000000000000000000000000000000000000000000000000000000000000000000000000000000000000000000000000000000000000000000000000000000000000000000000000000000000000000000000111111111111111111111111000000000000000000000000000000000000000000000000000000000000000000000000000000000000000000000000
000000000000000000000000000000000000000000000000000000000000000000000000000000000000000000000000000000000000000000000000000000000000000000000000000000000000000000000000000000000000000000000000111111111111111111111111000000000000000000000000000000000000000000000000000000000000000000000000
000000000000000000000000000000000000000000000000000000000000000000000000000000000000000000000000000000000000000000000000000000000000000000000000000000000000000000000000000000000000000000000000000000000000000000000000111111111111111111111111000000000000000000000000000000000000000000000000
000000000000000000000000000000000000000000000000000000000000000000000000000000000000000000000000000000000000000000000000000000000000000000000000000000000000000000000000000000000000000000000000000000000000000000000000000000000000000000000000111111111111111111111111000000000000000000000000
000000000000000000000000000000000000000000000000000000000000000000000000000000000000000000000000000000000000000000000000000000000000000000000000000000000000000000000000000000000000000000000000000000000000000000000000000000000000000000000000000000000000000000000000111111111111111111111111
011111111111000000000001011111111111000000000001011111111111000000000001011111111111000000000001011111111111000000000001011111111111000000000001000000000000000000000000000000000000000000000000000000000000000000000000000000000000000000000000000000000000000000000000000000000000000000000000
001100011001110001100100001100011001110001100100001100011001110001100100001100011001110001100100001100011001110001100100001100011001110001100100000000000000000000000000000000000000000000000000000000000000000000000000000000000000000000000000000000000000000000000000000000000000000000000000
000100100110010010011011000100100110010010011011000100100110010010011011000100100110010010011011000100100110010010011011000100100110010010011011000000000000000000000000000000000000000000000000000000000000000000000000000000000000000000000000000000000000000000000000000000000000000000000000
000010010101001001010111000010010101001001010111000010010101001001010111000010010101001001010111000010010101001001010111000010010101001001010111000000000000000000000000000000000000000000000000000000000000000000000000000000000000000000000000000000000000000000000000000000000000000000000000
000001001011000100101111000001001011000100101111000001001011000100101111000001001011000100101111000001001011000100101111000001001011000100101111000000000000000000000000000000000000000000000000000000000000000000000000000000000000000000000000000000000000000000000000000000000000000000000000
000000000000000000000000000000000000000000000000000000000000000000000000000000000000000000000000000000000000000000000000000000000000000000000000011111111111000000000001011111111111000000000001011111111111000000000001011111111111000000000001011111111111000000000001011111111111000000000001
000000000000000000000000000000000000000000000000000000000000000000000000000000000000000000000000000000000000000000000000000000000000000000000000001100011001110001100100001100011001110001100100001100011001110001100100001100011001110001100100001100011001110001100100001100011001110001100100
000000000000000000000000000000000000000000000000000000000000000000000000000000000000000000000000000000000000000000000000000000000000000000000000000100100110010010011011000100100110010010011011000100100110010010011011000100100110010010011011000100100110010010011011000100100110010010011011
000000000000000000000000000000000000000000000000000000000000000000000000000000000000000000000000000000000000000000000000000000000000000000000000000010010101001001010111000010010101001001010111000010010101001001010111000010010101001001010111000010010101001001010111000010010101001001010111
000000000000000000000000000000000000000000000000000000000000000000000000000000000000000000000000000000000000000000000000000000000000000000000000000001001011000100101111000001001011000100101111000001001011000100101111000001001011000100101111000001001011000100101111000001001011000100101111
010100101010101101101010101010001001010011101110110000010100010010000110011100100001011001001010001111011111100110000000000000000000000000000000010100101010101101101010101010001001010011101110110000010100010010000110011100100001011001001010001111011111100110000000000000000000000000000000
001000000011101100110000001110110011101100011000011101011010101010101110111010000111110010100100001111110101100001000000000000000000000000000000001000000011101100110000001110110011101100011000011101011010101010101110111010000111110010100100001111110101100001000000000000000000000000000000
010110101001000100010110100101100111101111101000101001111011011000100010101011010101011101110010000011100001100000100000000000000000000000000000010110101001000100010110100101100111101111101000101001111011011000100010101011010101011101110010000011100001100000100000000000000000000000000000
001100011111011110110100101011011100111101001100011101001010101011111010100101110000111101110000000100010001111100010000000000000000000000000000001100011111011110110100101011011100111101001100011101001010101011111010100101110000111101110000000100010001111100010000000000000000000000000000
110001100011100000001000010010111010010010011110011100010101111110001110001001101111100011100010101111110011011000001000000000000000000000000000110001100011100000001000010010111010010010011110011100010101111110001110001001101111100011100010101111110011011000001000000000000000000000000000
110000010110011011001000100001111011010111110100001011011010110101111100101100101011001001101010011100001001011000000100000000000000000000000000110000010110011011001000100001111011010111110100001011011010110101111100101100101011001001101010011100001001011000000100000000000000000000000000
101001100000101110100100010001110011110011110110010111011011101110000000111101111001110001001010110110111110101000000010000000000000000000000000101001100000101110100100010001110011110011110110010111011011101110000000111101111001110001001010110110111110101000000010000000000000000000000000
100001101011010001000000011110011100110101100000111001010001011100011100000011110100011111000110010110110100100100000000110000000000000000000000100001101011010001000000011110011100110101100000111001010001011100011100000011110100011111000110010110110100100100000000110000000000000000000000
010011110000010111110100110111101011101010101110101111111101100100101000100111000111100011001100010011001111110100000000101000000000000000000000010011110000010111110100110111101011101010101110101111111101100100101000100111000111100011001100010011001111110100000000101000000000000000000000
001001101100110000011010000110111010001010100010011101100100010100110110010000111100000100010010000110111010100100000000100100000000000000000000001001101100110000011010000110111010001010100010011101100100010100110110010000111100000100010010000110111010100100000000100100000000000000000000
110010100000011110000000001000011000111000001100010100000011011000111010001101001100011110010110001011111011110000000000100010000000000000000000110010100000011110000000001000011000111000001100010100000011011000111010001101001100011110010110001011111011110000000000100010000000000000000000
110101011001111100110100110110000100110100111010010000000011011101101010000110101110101010111000100001001101111000000000100001000000000000000000110101011001111100110100110110000100110100111010010000000011011101101010000110101110101010111000100001001101111000000000100001000000000000000000
000010011000011110110100110101000011111001110110110000111111101100110010111000011110111011110110100001001001010100000000100000100000000000000000000010011000011110110100110101000011111001110110110000111111101100110010111000011110111011110110100001001001010100000000100000100000000000000000
011001011011110110101010000110100010100011001110011001011011000001010100110100000100100000000100000000011000010100000000100000010000000000000000011001011011110110101010000110100010100011001110011001011011000001010100110100000100100000000100000000011000010100000000100000010000000000000000
011111111100110100011110011010110111001010101000110001110110001001011010000111111111101100011110001000110011011100000000100000001000000000000000011111111100110100011110011010110111001010101000110001110110001001011010000111111111101100011110001000110011011100000000100000001000000000000000
000001000001111011111110110011100000001000100010111000000100110011100100001000000100001111100100010101001111110100000000100000000100000000000000000001000001111011111110110011100000001000100010111000000100110011100100001000000100001111100100010101001111110100000000100000000100000000000000
100011010011011001001000011110111000111111000100001000101110111001010110010010010010010101100110001011111000001100000000100000000010000000000000100011010011011001001000011110111000111111000100001000101110111001010110010010010010010101100110001011111000001100000000100000000010000000000000
100110010111000100001100100011001010011111000000000000010010001001010010000001110110011110101100000100000011110100000000100000000001000000000000100110010111000100001100100011001010011111000000000000010010001001010010000001110110011110101100000100000011110100000000100000000001000000000000
001011100111101001001100101101100001111110111110001010110100100100100000111100111110011101001000001010001100011000000000100000000000100000000000001011100111101001001100101101100001111110111110001010110100100100100000111100111110011101001000001010001100011000000000100000000000100000000000
011101100000101001100100011110001100001000101100010010010000100011001010011100100100100110010010101001101111100100000000100000000000010000000000011101100000101001100100011110001100001000101100010010010000100011001010011100100100100110010010101001101111100100000000100000000000010000000000
000011101110110010110010110000110011111011101010011011101110000000010010001101000010111001011000011010000011101100000000100000000000001000000000000011101110110010110010110000110011111011101010011011101110000000010010001101000010111001011000011010000011101100000000100000000000001000000000
011101111001011111011100011000110000111001101000110011001110000010110110111011111110011000010010010101101010011000000000100000000000000010000000011101111001011111011100011000110000111001101000110011001110000010110110111011111110011000010010010101101010011000000000100000000000000010000000
011000110001001100001110111100110011010100000110010111001001011100110100010010111110111100000100101000111110011100000000100000000000000001000000011000110001001100001110111100110011010100000110010111001001011100110100010010111110111100000100101000111110011100000000100000000000000001000000
100011100000011110001010000110000100100101001010000110111011000110001000000100110001110110110000000011110100110100000000100000000000000000100000100011100000011110001010000110000100100101001010000110111011000110001000000100110001110110110000000011110100110100000000100000000000000000100000

X checks
111111111111111111111111000000000000000000000000000000000000000000000000000000000000000000000000000000000000000000000000000000000000000000000000000000000000000000000000000000000000000000000000000000000000000000000000000000000000000000000000000000000000000000000000000000000000000000000000
000000000000000000000000111111111111111111111111000000000000000000000000000000000000000000000000000000000000000000000000000000000000000000000000000000000000000000000000000000000000000000000000000000000000000000000000000000000000000000000000000000000000000000000000000000000000000000000000
000000000000000000000000000000000000000000000000111111111111111111111111000000000000000000000000000000000000000000000000000000000000000000000000000000000000000000000000000000000000000000000000000000000000000000000000000000000000000000000000000000000000000000000000000000000000000000000000
000000000000000000000000000000000000000000000000000000000000000000000000111111111111111111111111000000000000000000000000000000000000000000000000000000000000000000000000000000000000000000000000000000000000000000000000000000000000000000000000000000000000000000000000000000000000000000000000
000000000000000000000000000000000000000000000000000000000000000000000000000000000000000000000000111111111111111111111111000000000000000000000000000000000000000000000000000000000000000000000000000000000000000000000000000000000000000000000000000000000000000000000000000000000000000000000000
000000000000000000000000000000000000000000000000000000000000000000000000000000000000000000000000000000000000000000000000111111111111111111111111000000000000000000000000000000000000000000000000000000000000000000000000000000000000000000000000000000000000000000000000000000000000000000000000
000000000000000000000000000000000000000000000000000000000000000000000000000000000000000000000000000000000000000000000000000000000000000000000000111111111111111111111111000000000000000000000000000000000000000000000000000000000000000000000000000000000000000000000000000000000000000000000000
000000000000000000000000000000000000000000000000000000000000000000000000000000000000000000000000000000000000000000000000000000000000000000000000000000000000000000000000111111111111111111111111000000000000000000000000000000000000000000000000000000000000000000000000000000000000000000000000
000000000000000000000000000000000000000000000000000000000000000000000000000000000000000000000000000000000000000000000000000000000000000000000000000000000000000000000000000000000000000000000000111111111111111111111111000000000000000000000000000000000000000000000000000000000000000000000000
000000000000000000000000000000000000000000000000000000000000000000000000000000000000000000000000000000000000000000000000000000000000000000000000000000000000000000000000000000000000000000000000000000000000000000000000111111111111111111111111000000000000000000000000000000000000000000000000
000000000000000000000000000000000000000000000000000000000000000000000000000000000000000000000000000000000000000000000000000000000000000000000000000000000000000000000000000000000000000000000000000000000000000000000000000000000000000000000000111111111111111111111111000000000000000000000000
000000000000000000000000000000000000000000000000000000000000000000000000000000000000000000000000000000000000000000000000000000000000000000000000000000000000000000000000000000000000000000000000000000000000000000000000000000000000000000000000000000000000000000000000111111111111111111111111
111111111111000000000000111111111111000000000000111111111111000000000000111111111111000000000000111111111111000000000000111111111111000000000000000000000000000000000000000000000000000000000000000000000000000000000000000000000000000000000000000000000000000000000000000000000000000000000000
001100011001110001100100001100011001110001100100001100011001110001100100001100011001110001100100001100011001110001100100001100011001110001100100000000000000000000000000000000000000000000000000000000000000000000000000000000000000000000000000000000000000000000000000000000000000000000000000
100100100110010010011010100100100110010010011010100100100110010010011010100100100110010010011010100100100110010010011010100100100110010010011010000000000000000000000000000000000000000000000000000000000000000000000000000000000000000000000000000000000000000000000000000000000000000000000000
100010010101001001010110100010010101001001010110100010010101001001010110100010010101001001010110100010010101001001010110100010010101001001010110000000000000000000000000000000000000000000000000000000000000000000000000000000000000000000000000000000000000000000000000000000000000000000000000
100001001011000100101110100001001011000100101110100001001011000100101110100001001011000100101110100001001011000100101110100001001011000100101110000000000000000000000000000000000000000000000000000000000000000000000000000000000000000000000000000000000000000000000000000000000000000000000000
000000000000000000000000000000000000000000000000000000000000000000000000000000000000000000000000000000000000000000000000000000000000000000000000111111111111000000000000111111111111000000000000111111111111000000000000111111111111000000000000111111111111000000000000111111111111000000000000
000000000000000000000000000000000000000000000000000000000000000000000000000000000000000000000000000000000000000000000000000000000000000000000000001100011001110001100100001100011001110001100100001100011001110001100100001100011001110001100100001100011001110001100100001100011001110001100100
000000000000000000000000000000000000000000000000000000000000000000000000000000000000000000000000000000000000000000000000000000000000000000000000100100100110010010011010100100100110010010011010100100100110010010011010100100100110010010011010100100100110010010011010100100100110010010011010
000000000000000000000000000000000000000000000000000000000000000000000000000000000000000000000000000000000000000000000000000000000000000000000000100010010101001001010110100010010101001001010110100010010101001001010110100010010101001001010110100010010101001001010110100010010101001001010110
000000000000000000000000000000000000000000000000000000000000000000000000000000000000000000000000000000000000000000000000000000000000000000000000100001001011000100101110100001001011000100101110100001001011000100101110100001001011000100101110100001001011000100101110100001001011000100101110
110011001100000011110000111001101111011101110100100011110010011100011100010000111000101000101110000011000110010111100100110011100110001110000000110011001100000011110000111001101111011101110100100011110010011100011100010000111000101000101110000011000110010111100100110011100110001110000000
001111000100110000101100000001110100010000000100010010011101010110110010101010111111110001000110000000110010011101011100110000111000000011100000001111000100110000101100000001110100010000000100010010011101010110110010101010111111110001000110000000110010011101011100110000111000000011100000
001111101110000111110100001010100000101100001010000110111100011011000000000100010010011110010000110011011001011100111100110000111000111000000000001111101110000111110100001010100000101100001010000110111100011011000000000100010010011110010000110011011001011100111100110000111000111000000000
001010110101110100011100111110001001101000011010010111100000000001010010110000100101101000100110001110111011010110111000001010101010101110100000001010110101110100011100111110001001101000011010010111100000000001010010110000100101101000100110001110111011010110111000001010101010101110100000
101111101111000111000100000011001001101010101100001101100110000110111100011000011100011011010000100001111111011111000100101110001100000011000000101111101111000111000100000011001001101010101100001101100110000110111100011000011100011011010000100001111111011111000100101110001100000011000000
001001100010111100011000110111110000001111011010000010101110010010101100111010100000010001000100010101111101111111010100001001110100100011000000001001100010111100011000110111110000001111011010000010101110010010101100111010100000010001000100010101111101111111010100001001110100100011000000
110001011000001101000110011110110100001111101010011000011100010010011100101101000001110010101000100110000110101011100000110000111000000011100000110001011000001101000110011110110100001111101010011000011100010010011100101101000001110010101000100110000110101011100000110000111000000011100000
010110101011001101000000110110100011010110011110001110010001000000011100101011001011111100111000111110001011000111111110000111000000011100000000010110101011001101000000110110100011010110011110001110010001000000011100101011001011111100111000111110001011000111111110000111000000011100000000
000100011101000001000000101101111001000011100100110101101111001101100010111101010101001010000110010110100010100010110100110010010010101001000000000100011101000001000000101101111001000011100100110101101111001101100010111101010101001010000110010110100010100010110100110010010010101001000000
100110010100001111111000100001000010010101000000111010011100001011010100110111000100011011110000100001000010111011100010100011111000011111100000100110010100001111111000100001000010010101000000111010011100001011010100110111000100011011110000100001000010111011100010100011111000011111100000
111010110010110111001010001101110101101110111000010001101110001110001110001000100001001000100010001110010110100110110100111000010010101001000000111010110010110111001010001101110101101110111000010001101110001110001110001000100001001000100010001110010110100110110100111000010010101001000000
100101111111001110101110001101011101011001011110110100100101001111110000100010001000111000100010011010010100010101100100100101100110010010000000100101111111001110101110001101011101011001011110110100100101001111110000100010001000111000100010011010010100010101100100100101100110010010000000
110011111110010000101110100110100101110111101100100011011001100010101000101011111000110101101100110010101111011010011010110011000110001010000000110011111110010000101110100110100101110111101100100011011001100010101000101011111000110101101100110010101111011010011010110011000110001010000000
010000101000010001100110101000101110011011111100110111010111111001100110000101110111100111001000101110010100101100110010101110011100111100100000010000101000010001100110101000101110011011111100110111010111111001100110000101110111100111001000101110010100101100110010101110011100111100100000
101001000011001000011110001101110111101001010110111001001001010101011010010000111111001111100000011111110011111111111110010111001000100111100000101001000011001000011110001101110111101001010110111001001001010101011010010000111111001111100000011111110011111111111110010111001000100111100000
001110000110011000011100011100100111001011000000010111000011110000000110111000111100110011111000100101110111001000011100110000111100111100000000001110000110011000011100011100100111001011000000010111000011110000000110111000111100110011111000100101110111001000011100110000111100111100000000
001101001010101000101100010010100001001110100000000100110111001000110010011110001011100100000010000111100001111101100100110011100100001010000000001101001010101000101100010010100001001110100000000100110111001000110010011110001011100100000010000111100001111101100100110011100100001010000000
010001100100000011000000010010111001011000001100101110011110110001100000101111111010100110011110101010001111001100110010010001110010000111000000010001100100000011000000010010111001011000001100101110011110110001100000101111111010100110011110101010001111001100110010010001110010000111000000
111101000110111011001010110001000000001100111000001001101010101001011000100000011111101111001110001001010010010101111000000011011110101001100000111101000110111011001010110001000000001100111000001001101010101001011000100000011111101111001110001001010010010101111000000011011110101001100000
110010000110111000000000101101101010111001001000100001110110010010101110101111000010010111110110000101110110101010011010110011100110100001100000110010000110111000000000101101101010111001001000100001110110010010101110101111000010010111110110000101110110101010011010110011100110100001100000
010101110000111100110100111011010010101010010010001111110000101110010100011001011100010111011110001110011101000010000110010100011110100010000000010101110000111100110100111011010010101010010010001111110000101110010100011001011100010111011110001110011101000010000110010100011110100010000000
010101100111001110100100110011010001010111101110000111010000010011001110001111100000001001101010111110001011110110000110010100011110010011100000010101100111001110100100110011010001010111101110000111010000010011001110001111100000001001101010111110001011110110000110010100011110010011100000
110110111010101011011110010101000111001100101000100001000010111011100100100100110101011011010100000001001010000100101110001001110100011101100000110110111010101011011110010101000111001100101000100001000010111011100100100100110101011011010100000001001010000100101110001001110100011101100000
001101111001101111101110001010011101010100101110001010100010110111101100001000101000000111010100001111101101000101100100110011100110001010100000001101111001101111101110001010011101010100101110001010100010110111101100001000101000000111010100001111101101000101100100110011100110001010100000
