Z checks
111111111111000000000000000000000000000000000000000000000000000000000000000000000000000000000000000000000000000000000000000000000000000000000000000000000000000000000000000000000000000000000000000000000000000000000000000000000000000000000000000000000000000000000000000000000000000000000000
000000000000111111111111000000000000000000000000000000000000000000000000000000000000000000000000000000000000000000000000000000000000000000000000000000000000000000000000000000000000000000000000000000000000000000000000000000000000000000000000000000000000000000000000000000000000000000000000
000000000000000000000000111111111111000000000000000000000000000000000000000000000000000000000000000000000000000000000000000000000000000000000000000000000000000000000000000000000000000000000000000000000000000000000000000000000000000000000000000000000000000000000000000000000000000000000000
000000000000000000000000000000000000111111111111000000000000000000000000000000000000000000000000000000000000000000000000000000000000000000000000000000000000000000000000000000000000000000000000000000000000000000000000000000000000000000000000000000000000000000000000000000000000000000000000
000000000000000000000000000000000000000000000000111111111111000000000000000000000000000000000000000000000000000000000000000000000000000000000000000000000000000000000000000000000000000000000000000000000000000000000000000000000000000000000000000000000000000000000000000000000000000000000000
000000000000000000000000000000000000000000000000000000000000111111111111000000000000000000000000000000000000000000000000000000000000000000000000000000000000000000000000000000000000000000000000000000000000000000000000000000000000000000000000000000000000000000000000000000000000000000000000
000000000000000000000000000000000000000000000000000000000000000000000000111111111111000000000000000000000000000000000000000000000000000000000000000000000000000000000000000000000000000000000000000000000000000000000000000000000000000000000000000000000000000000000000000000000000000000000000
000000000000000000000000000000000000000000000000000000000000000000000000000000000000111111111111000000000000000000000000000000000000000000000000000000000000000000000000000000000000000000000000000000000000000000000000000000000000000000000000000000000000000000000000000000000000000000000000
000000000000000000000000000000000000000000000000000000000000000000000000000000000000000000000000111111111111000000000000000000000000000000000000000000000000000000000000000000000000000000000000000000000000000000000000000000000000000000000000000000000000000000000000000000000000000000000000
000000000000000000000000000000000000000000000000000000000000000000000000000000000000000000000000000000000000111111111111000000000000000000000000000000000000000000000000000000000000000000000000000000000000000000000000000000000000000000000000000000000000000000000000000000000000000000000000
000000000000000000000000000000000000000000000000000000000000000000000000000000000000000000000000000000000000000000000000111111111111000000000000000000000000000000000000000000000000000000000000000000000000000000000000000000000000000000000000000000000000000000000000000000000000000000000000
000000000000000000000000000000000000000000000000000000000000000000000000000000000000000000000000000000000000000000000000000000000000111111111111000000000000000000000000000000000000000000000000000000000000000000000000000000000000000000000000000000000000000000000000000000000000000000000000
000000000000000000000000000000000000000000000000000000000000000000000000000000000000000000000000000000000000000000000000000000000000000000000000111111111111000000000000000000000000000000000000000000000000000000000000000000000000000000000000000000000000000000000000000000000000000000000000
000000000000000000000000000000000000000000000000000000000000000000000000000000000000000000000000000000000000000000000000000000000000000000000000000000000000111111111111000000000000000000000000000000000000000000000000000000000000000000000000000000000000000000000000000000000000000000000000
000000000000000000000000000000000000000000000000000000000000000000000000000000000000000000000000000000000000000000000000000000000000000000000000000000000000000000000000111111111111000000000000000000000000000000000000000000000000000000000000000000000000000000000000000000000000000000000000
000000000000000000000000000000000000000000000000000000000000000000000000000000000000000000000000000000000000000000000000000000000000000000000000000000000000000000000000000000000000111111111111000000000000000000000000000000000000000000000000000000000000000000000000000000000000000000000000
000000000000000000000000000000000000000000000000000000000000000000000000000000000000000000000000000000000000000000000000000000000000000000000000000000000000000000000000000000000000000000000000111111111111000000000000000000000000000000000000000000000000000000000000000000000000000000000000
000000000000000000000000000000000000000000000000000000000000000000000000000000000000000000000000000000000000000000000000000000000000000000000000000000000000000000000000000000000000000000000000000000000000111111111111000000000000000000000000000000000000000000000000000000000000000000000000
000000000000000000000000000000000000000000000000000000000000000000000000000000000000000000000000000000000000000000000000000000000000000000000000000000000000000000000000000000000000000000000000000000000000000000000000111111111111000000000000000000000000000000000000000000000000000000000000
000000000000000000000000000000000000000000000000000000000000000000000000000000000000000000000000000000000000000000000000000000000000000000000000000000000000000000000000000000000000000000000000000000000000000000000000000000000000111111111111000000000000000000000000000000000000000000000000
000000000000000000000000000000000000000000000000000000000000000000000000000000000000000000000000000000000000000000000000000000000000000000000000000000000000000000000000000000000000000000000000000000000000000000000000000000000000000000000000111111111111000000000000000000000000000000000000
000000000000000000000000000000000000000000000000000000000000000000000000000000000000000000000000000000000000000000000000000000000000000000000000000000000000000000000000000000000000000000000000000000000000000000000000000000000000000000000000000000000000111111111111000000000000000000000000
000000000000000000000000000000000000000000000000000000000000000000000000000000000000000000000000000000000000000000000000000000000000000000000000000000000000000000000000000000000000000000000000000000000000000000000000000000000000000000000000000000000000000000000000111111111111000000000000
000000000000000000000000000000000000000000000000000000000000000000000000000000000000000000000000000000000000000000000000000000000000000000000000000000000000000000000000000000000000000000000000000000000000000000000000000000000000000000000000000000000000000000000000000000000000111111111111
011101100100011101100100011101100100011101100100011101100100011101100100011101100100011101100100011101100100011101100100011101100100011101100100000000000000000000000000000000000000000000000000000000000000000000000000000000000000000000000000000000000000000000000000000000000000000000000000
001010111010001010111010001010111010001010111010001010111010001010111010001010111010001010111010001010111010001010111010001010111010001010111010000000000000000000000000000000000000000000000000000000000000000000000000000000000000000000000000000000000000000000000000000000000000000000000000
000100101111000100101111000100101111000100101111000100101111000100101111000100101111000100101111000100101111000100101111000100101111000100101111000000000000000000000000000000000000000000000000000000000000000000000000000000000000000000000000000000000000000000000000000000000000000000000000
000011001100000011001100000011001100000011001100000011001100000011001100000011001100000011001100000011001100000011001100000011001100000011001100000000000000000000000000000000000000000000000000000000000000000000000000000000000000000000000000000000000000000000000000000000000000000000000000
000000000000000000000000000000000000000000000000000000000000000000000000000000000000000000000000000000000000000000000000000000000000000000000000011101100100011101100100011101100100011101100100011101100100011101100100011101100100011101100100011101100100011101100100011101100100011101100100
000000000000000000000000000000000000000000000000000000000000000000000000000000000000000000000000000000000000000000000000000000000000000000000000001010111010001010111010001010111010001010111010001010111010001010111010001010111010001010111010001010111010001010111010001010111010001010111010
000000000000000000000000000000000000000000000000000000000000000000000000000000000000000000000000000000000000000000000000000000000000000000000000000100101111000100101111000100101111000100101111000100101111000100101111000100101111000100101111000100101111000100101111000100101111000100101111
000000000000000000000000000000000000000000000000000000000000000000000000000000000000000000000000000000000000000000000000000000000000000000000000000011001100000011001100000011001100000011001100000011001100000011001100000011001100000011001100000011001100000011001100000011001100000011001100
010000000001000100101010100101111011001010001100000011000000001100100010000000100100100001001111100101001011100000010101100110011001000100111000010000000001000100101010100101111011001010001100000011000000001100100010000000100100100001001111100101001011100000010101100110011001000100111000
110000000011000100010011100111000000100110100000000110010100101000000000000001010110000001001101100011010000100101101111100100110101101000000000110000000011000100010011100111000000100110100000000110010100101000000000000001010110000001001101100011010000100101101111100100110101101000000000
010110000001001101110010100100100100000110001001000110101000001000000100100000100000100001001010101101101000000101010111000011111010100101100000010110000001001101110010100100100100000110001001000110101000001000000100100000100000100001001010101101101000000101010111000011111010100101100000
001110000001000000001001100110111000100100000000100100100100101001000010000001100000100111111001100111001001101000001111101010110001001100100001001110000001000000001001100110111000100100000000100100100100101001000010000001100000100111111001100111001001101000001111101010110001001100100001
101000000000001100110000000001000001001010100001000010111000001100100001000111101010100111100111001010010001101000101101100001110101000001000001101000000000001100110000000001000001001010100001000010111000001100100001000111101010100111100111001010010001101000101101100001110101000001000001
001000000010001100110000000100100110100010000000100011110010001101100011000001101010000010100011100110010110001011100101000110000110101100110100001000000010001100110000000100100110100010000000100011110010001101100011000001101010000010100011100110010110001011100101000110000110101100110100
000110000011101010011010000101010111001110100000100000011100000001100000100001100010000100001000100001110101000100100101101011100100001100001001000110000011101010011010000101010111001110100000100000011100000001100000100001100010000100001000100001110101000100100101101011100100001100001001
101000000011001000111011000100111011001011001000000110001100101000000000100001100100100000100101100100010111001000001110001000101100100000111101101000000011001000111011000100111011001011001000000110001100101000000000100001100100100000100101100100010111001000001110001000101100100000111101
100110000001000100001000100010111100100010101011001100010100001001000000100101100110000010000111000100001011100000001000101110011110101000000000100110000001000100001000100010111100100010101011001100010100001001000000100101100110000010000111000100001011100000001000101110011110101000000000
000000000000000001101001101000000101000100101010100001110000101000100001000101000110000101101101000101100001100100011000001101100011000000010100000000000000000001101001101000000101000100101010100001110000101000100001000101000110000101101101000101100001100100011000001101100011000000010100
111110000001001101101001100011100011101000011011100111001100101000000000100100101110000101100100100011001000101010000111100110111101001001010100111110000001001101101001100011100011101000011011100111001100101000000000100100101110000101100100100011001000101010000111100110111101001001010100
100110000001001001001001100000011001100110001011000110010100101000100010000000000110101000100010101011000011000100111011000001101001100001110101100110000001001001001001100000011001100110001011000110010100101000100010000000000110101000100010101011000011000100111011000001101001100001110101
010010000000001101011010000100011111001000101010000100000100101101100010000101101000000001101100101010000111001010001111100101001101000001101111010010000000001101011010000100011111001000101010000100000100101101100010000101101000000001101100101010000111001010001111100101001101000001101111
111000000010101001011010100011101001000110001010100101100000001100001010100101000010100011001011001010110101001010001111001110011010101101000101111000000010101001011010100011101001000110001010100101100000001100001010100101000010100011001011001010110101001010001111001110011010101101000101
000000000000101001010101000111101100001110000001000000010100100101100000000000000000100100001010100010110110100001010010101111101010000101000101000000000000101001010101000111101100001110000001000000010100100101100000000000000000100100001010100010110110100001010010101111101010000101000101
011000000011100001111010000000101110000010100011100010100100001011100000000101100100000010001000001100100001101100101001101010110111001000111101011000000011100001111010000000101110000010100011100010100100001011100000000101100100000010001000001100100001101100101001101010110111001000111101
011110000000000000001001100100001010101110001010000111111000000101100001100101101010000001000001000100010000100100101011100100100100000110010100011110000000000000001001100100001010101110001010000111111000000101100001100101101010000001000001000100010000100100101011100100100100000110010100
011110000000000000110011100000010101001010001001000111000100001000100011101100000010100101101111000101101110101001001101001010000110001000100000011110000000000000110011100000010101001010001001000111000100001000100011101100000010100101101111000101101110101001001101001010000110001000100000
110000000000000000001010000110100111000000101000100010101000000101110011000101101110000101000101000011110110101111010011001110101001000001101100110000000000000000001010000110100111000000101000100010101000000101110011000101101110000101000101000011110110101111010011001110101001000001101100
101000000011001101100000000100100000100100100001100011100000000100000001100001000101100100100001000000010001101110101110101100001011001001111100101000000011001101100000000100100000100100100001100011100000000100000001100001000101100100100001000000010001101110101110101100001011001001111100
100100000000101101110011000010001000000110100001100011101001100100000000000100101100000000100100001010110000100000100101101011101011001000111000100100000000101101110011000010001000000110100001100011101001100100000000000100101100000000100100001010110000100000100101101011101011001000111000

X checks
111111111111000000000000000000000000000000000000000000000000000000000000000000000000000000000000000000000000000000000000000000000000000000000000000000000000000000000000000000000000000000000000000000000000000000000000000000000000000000000000000000000000000000000000000000000000000000000000
000000000000111111111111000000000000000000000000000000000000000000000000000000000000000000000000000000000000000000000000000000000000000000000000000000000000000000000000000000000000000000000000000000000000000000000000000000000000000000000000000000000000000000000000000000000000000000000000
000000000000000000000000111111111111000000000000000000000000000000000000000000000000000000000000000000000000000000000000000000000000000000000000000000000000000000000000000000000000000000000000000000000000000000000000000000000000000000000000000000000000000000000000000000000000000000000000
000000000000000000000000000000000000111111111111000000000000000000000000000000000000000000000000000000000000000000000000000000000000000000000000000000000000000000000000000000000000000000000000000000000000000000000000000000000000000000000000000000000000000000000000000000000000000000000000
000000000000000000000000000000000000000000000000111111111111000000000000000000000000000000000000000000000000000000000000000000000000000000000000000000000000000000000000000000000000000000000000000000000000000000000000000000000000000000000000000000000000000000000000000000000000000000000000
000000000000000000000000000000000000000000000000000000000000111111111111000000000000000000000000000000000000000000000000000000000000000000000000000000000000000000000000000000000000000000000000000000000000000000000000000000000000000000000000000000000000000000000000000000000000000000000000
000000000000000000000000000000000000000000000000000000000000000000000000111111111111000000000000000000000000000000000000000000000000000000000000000000000000000000000000000000000000000000000000000000000000000000000000000000000000000000000000000000000000000000000000000000000000000000000000
000000000000000000000000000000000000000000000000000000000000000000000000000000000000111111111111000000000000000000000000000000000000000000000000000000000000000000000000000000000000000000000000000000000000000000000000000000000000000000000000000000000000000000000000000000000000000000000000
000000000000000000000000000000000000000000000000000000000000000000000000000000000000000000000000111111111111000000000000000000000000000000000000000000000000000000000000000000000000000000000000000000000000000000000000000000000000000000000000000000000000000000000000000000000000000000000000
000000000000000000000000000000000000000000000000000000000000000000000000000000000000000000000000000000000000111111111111000000000000000000000000000000000000000000000000000000000000000000000000000000000000000000000000000000000000000000000000000000000000000000000000000000000000000000000000
000000000000000000000000000000000000000000000000000000000000000000000000000000000000000000000000000000000000000000000000111111111111000000000000000000000000000000000000000000000000000000000000000000000000000000000000000000000000000000000000000000000000000000000000000000000000000000000000
000000000000000000000000000000000000000000000000000000000000000000000000000000000000000000000000000000000000000000000000000000000000111111111111000000000000000000000000000000000000000000000000000000000000000000000000000000000000000000000000000000000000000000000000000000000000000000000000
000000000000000000000000000000000000000000000000000000000000000000000000000000000000000000000000000000000000000000000000000000000000000000000000111111111111000000000000000000000000000000000000000000000000000000000000000000000000000000000000000000000000000000000000000000000000000000000000
000000000000000000000000000000000000000000000000000000000000000000000000000000000000000000000000000000000000000000000000000000000000000000000000000000000000111111111111000000000000000000000000000000000000000000000000000000000000000000000000000000000000000000000000000000000000000000000000
000000000000000000000000000000000000000000000000000000000000000000000000000000000000000000000000000000000000000000000000000000000000000000000000000000000000000000000000111111111111000000000000000000000000000000000000000000000000000000000000000000000000000000000000000000000000000000000000
000000000000000000000000000000000000000000000000000000000000000000000000000000000000000000000000000000000000000000000000000000000000000000000000000000000000000000000000000000000000111111111111000000000000000000000000000000000000000000000000000000000000000000000000000000000000000000000000
000000000000000000000000000000000000000000000000000000000000000000000000000000000000000000000000000000000000000000000000000000000000000000000000000000000000000000000000000000000000000000000000111111111111000000000000000000000000000000000000000000000000000000000000000000000000000000000000
000000000000000000000000000000000000000000000000000000000000000000000000000000000000000000000000000000000000000000000000000000000000000000000000000000000000000000000000000000000000000000000000000000000000111111111111000000000000000000000000000000000000000000000000000000000000000000000000
000000000000000000000000000000000000000000000000000000000000000000000000000000000000000000000000000000000000000000000000000000000000000000000000000000000000000000000000000000000000000000000000000000000000000000000000111111111111000000000000000000000000000000000000000000000000000000000000
000000000000000000000000000000000000000000000000000000000000000000000000000000000000000000000000000000000000000000000000000000000000000000000000000000000000000000000000000000000000000000000000000000000000000000000000000000000000111111111111000000000000000000000000000000000000000000000000
000000000000000000000000000000000000000000000000000000000000000000000000000000000000000000000000000000000000000000000000000000000000000000000000000000000000000000000000000000000000000000000000000000000000000000000000000000000000000000000000111111111111000000000000000000000000000000000000
000000000000000000000000000000000000000000000000000000000000000000000000000000000000000000000000000000000000000000000000000000000000000000000000000000000000000000000000000000000000000000000000000000000000000000000000000000000000000000000000000000000000111111111111000000000000000000000000
000000000000000000000000000000000000000000000000000000000000000000000000000000000000000000000000000000000000000000000000000000000000000000000000000000000000000000000000000000000000000000000000000000000000000000000000000000000000000000000000000000000000000000000000111111111111000000000000
000000000000000000000000000000000000000000000000000000000000000000000000000000000000000000000000000000000000000000000000000000000000000000000000000000000000000000000000000000000000000000000000000000000000000000000000000000000000000000000000000000000000000000000000000000000000111111111111
011101100100011101100100011101100100011101100100011101100100011101100100011101100100011101100100011101100100011101100100011101100100011101100100000000000000000000000000000000000000000000000000000000000000000000000000000000000000000000000000000000000000000000000000000000000000000000000000
001010111010001010111010001010111010001010111010001010111010001010111010001010111010001010111010001010111010001010111010001010111010001010111010000000000000000000000000000000000000000000000000000000000000000000000000000000000000000000000000000000000000000000000000000000000000000000000000
100100101110100100101110100100101110100100101110100100101110100100101110100100101110100100101110100100101110100100101110100100101110100100101110000000000000000000000000000000000000000000000000000000000000000000000000000000000000000000000000000000000000000000000000000000000000000000000000
000011001100000011001100000011001100000011001100000011001100000011001100000011001100000011001100000011001100000011001100000011001100000011001100000000000000000000000000000000000000000000000000000000000000000000000000000000000000000000000000000000000000000000000000000000000000000000000000
000000000000000000000000000000000000000000000000000000000000000000000000000000000000000000000000000000000000000000000000000000000000000000000000011101100100011101100100011101100100011101100100011101100100011101100100011101100100011101100100011101100100011101100100011101100100011101100100
000000000000000000000000000000000000000000000000000000000000000000000000000000000000000000000000000000000000000000000000000000000000000000000000001010111010001010111010001010111010001010111010001010111010001010111010001010111010001010111010001010111010001010111010001010111010001010111010
000000000000000000000000000000000000000000000000000000000000000000000000000000000000000000000000000000000000000000000000000000000000000000000000100100101110100100101110100100101110100100101110100100101110100100101110100100101110100100101110100100101110100100101110100100101110100100101110
000000000000000000000000000000000000000000000000000000000000000000000000000000000000000000000000000000000000000000000000000000000000000000000000000011001100000011001100000011001100000011001100000011001100000011001100000011001100000011001100000011001100000011001100000011001100000011001100
000000101101000100101010010101111011001010001100000011000000001100100010000000100100010001001111010101001011010000010101010110011001000100111000000000101101000100101010010101111011001010001100000011000000001100100010000000100100010001001111010101001011010000010101010110011001000100111000
000001000111000100010011010111000000010110100000000110010100011000000000000001010110000001001101010011010000010101101111010100110101011000000000000001000111000100010011010111000000010110100000000110010100011000000000000001010110000001001101010011010000010101101111010100110101011000000000
000001111101001101110010010100100100000110001001000110101000001000000100010000100000010001001010011101101000000101010111000011111010010101100000000001111101001101110010010100100100000110001001000110101000001000000100010000100000010001001010011101101000000101010111000011111010010101100000
000000110101000000001001010110111000010100000000010100100100011001000010000001100000010111111001010111001001011000001111011010110001001100100001000000110101000000001001010110111000010100000000010100100100011001000010000001100000010111111001010111001001011000001111011010110001001100100001
000001111000001100110000000001000001001010100001000010111000001100100001000111101010010111100111001010010001011000101101010001110101000001000001000001111000001100110000000001000001001010100001000010111000001100100001000111101010010111100111001010010001011000101101010001110101000001000001
000000100010001100110000000100100110010010000000010011110010001101100011000001101010000010100011010110010110001011100101000110000110011100110100000000100010001100110000000100100110010010000000010011110010001101100011000001101010000010100011010110010110001011100101000110000110011100110100
000001100011011010011010000101010111001110100000010000011100000001100000010001100010000100001000010001110101000100100101011011100100001100001001000001100011011010011010000101010111001110100000010000011100000001100000010001100010000100001000010001110101000100100101011011100100001100001001
000001111011001000111011000100111011001011001000000110001100011000000000010001100100010000100101010100010111001000001110001000101100010000111101000001111011001000111011000100111011001011001000000110001100011000000000010001100100010000100101010100010111001000001110001000101100010000111101
000000111001000100001000010010111100010010101011001100010100001001000000010101100110000010000111000100001011010000001000011110011110011000000000000000111001000100001000010010111100010010101011001100010100001001000000010101100110000010000111000100001011010000001000011110011110011000000000
000000000000000001101001011000000101000100101010010001110000011000100001000101000110000101101101000101100001010100011000001101100011000000010100000000000000000001101001011000000101000100101010010001110000011000100001000101000110000101101101000101100001010100011000001101100011000000010100
000001000001001101101001010011100011011000011011010111001100011000000000010100101110000101100100010011001000011010000111010110111101001001010100000001000001001101101001010011100011011000011011010111001100011000000000010100101110000101100100010011001000011010000111010110111101001001010100
000000111001001001001001010000011001010110001011000110010100011000100010000000000110011000100010011011000011000100111011000001101001010001110101000000111001001001001001010000011001010110001011000110010100011000100010000000000110011000100010011011000011000100111011000001101001010001110101
000000100100001101011010000100011111001000101010000100000100011101100010000101101000000001101100011010000111001010001111010101001101000001101111000000100100001101011010000100011111001000101010000100000100011101100010000101101000000001101100011010000111001010001111010101001101000001101111
000000010010011001011010010011101001000110001010010101100000001100001010010101000010010011001011001010110101001010001111001110011010011101000101000000010010011001011010010011101001000110001010010101100000001100001010010101000010010011001011001010110101001010001111001110011010011101000101
000001000100011001010101000111101100001110000001000000010100010101100000000000000000010100001010010010110110010001010010011111101010000101000101000001000100011001010101000111101100001110000001000000010100010101100000000000000000010100001010010010110110010001010010011111101010000101000101
000001111011010001111010000000101110000010100011010010100100001011100000000101100100000010001000001100100001011100101001011010110111001000111101000001111011010001111010000000101110000010100011010010100100001011100000000101100100000010001000001100100001011100101001011010110111001000111101
000001011100000000001001010100001010011110001010000111111000000101100001010101101010000001000001000100010000010100101011010100100100000110010100000001011100000000001001010100001010011110001010000111111000000101100001010101101010000001000001000100010000010100101011010100100100000110010100
000001101100000000110011010000010101001010001001000111000100001000100011011100000010010101101111000101101110011001001101001010000110001000100000000001101100000000110011010000010101001010001001000111000100001000100011011100000010010101101111000101101110011001001101001010000110001000100000
000001110100000000001010000110100111000000101000010010101000000101110011000101101110000101000101000011110110011111010011001110101001000001101100000001110100000000001010000110100111000000101000010010101000000101110011000101101110000101000101000011110110011111010011001110101001000001101100
000000001111001101100000000100100000010100100001010011100000000100000001010001000101010100100001000000010001011110101110011100001011001001111100000000001111001101100000000100100000010100100001010011100000000100000001010001000101010100100001000000010001011110101110011100001011001001111100
000000000000011101110011000010001000000110100001010011101001010100000000000100101100000000100100001010110000010000100101011011101011001000111000000000000000011101110011000010001000000110100001010011101001010100000000000100101100000000100100001010110000010000100101011011101011001000111000

