Z checks
11111111000000000000000000000000000000000000000000000000000000000000000000000000000000000000000000000000000000000000000000000000000000000000000000000000000000000000000000000000000000000000000000000000000000000000000000000000000000000000000000000000000000000000000000000000000000000000000000000000000000000000000000000000
00000000111111110000000000000000000000000000000000000000000000000000000000000000000000000000000000000000000000000000000000000000000000000000000000000000000000000000000000000000000000000000000000000000000000000000000000000000000000000000000000000000000000000000000000000000000000000000000000000000000000000000000000000000
00000000000000001111111100000000000000000000000000000000000000000000000000000000000000000000000000000000000000000000000000000000000000000000000000000000000000000000000000000000000000000000000000000000000000000000000000000000000000000000000000000000000000000000000000000000000000000000000000000000000000000000000000000000
00000000000000000000000011111111000000000000000000000000000000000000000000000000000000000000000000000000000000000000000000000000000000000000000000000000000000000000000000000000000000000000000000000000000000000000000000000000000000000000000000000000000000000000000000000000000000000000000000000000000000000000000000000000
00000000000000000000000000000000111111110000000000000000000000000000000000000000000000000000000000000000000000000000000000000000000000000000000000000000000000000000000000000000000000000000000000000000000000000000000000000000000000000000000000000000000000000000000000000000000000000000000000000000000000000000000000000000
00000000000000000000000000000000000000001111111100000000000000000000000000000000000000000000000000000000000000000000000000000000000000000000000000000000000000000000000000000000000000000000000000000000000000000000000000000000000000000000000000000000000000000000000000000000000000000000000000000000000000000000000000000000
00000000000000000000000000000000000000000000000011111111000000000000000000000000000000000000000000000000000000000000000000000000000000000000000000000000000000000000000000000000000000000000000000000000000000000000000000000000000000000000000000000000000000000000000000000000000000000000000000000000000000000000000000000000
00000000000000000000000000000000000000000000000000000000111111110000000000000000000000000000000000000000000000000000000000000000000000000000000000000000000000000000000000000000000000000000000000000000000000000000000000000000000000000000000000000000000000000000000000000000000000000000000000000000000000000000000000000000
00000000000000000000000000000000000000000000000000000000000000001111111100000000000000000000000000000000000000000000000000000000000000000000000000000000000000000000000000000000000000000000000000000000000000000000000000000000000000000000000000000000000000000000000000000000000000000000000000000000000000000000000000000000
00000000000000000000000000000000000000000000000000000000000000000000000011111111000000000000000000000000000000000000000000000000000000000000000000000000000000000000000000000000000000000000000000000000000000000000000000000000000000000000000000000000000000000000000000000000000000000000000000000000000000000000000000000000
00000000000000000000000000000000000000000000000000000000000000000000000000000000111111110000000000000000000000000000000000000000000000000000000000000000000000000000000000000000000000000000000000000000000000000000000000000000000000000000000000000000000000000000000000000000000000000000000000000000000000000000000000000000
00000000000000000000000000000000000000000000000000000000000000000000000000000000000000001111111100000000000000000000000000000000000000000000000000000000000000000000000000000000000000000000000000000000000000000000000000000000000000000000000000000000000000000000000000000000000000000000000000000000000000000000000000000000
00000000000000000000000000000000000000000000000000000000000000000000000000000000000000000000000011111111000000000000000000000000000000000000000000000000000000000000000000000000000000000000000000000000000000000000000000000000000000000000000000000000000000000000000000000000000000000000000000000000000000000000000000000000
00000000000000000000000000000000000000000000000000000000000000000000000000000000000000000000000000000000111111110000000000000000000000000000000000000000000000000000000000000000000000000000000000000000000000000000000000000000000000000000000000000000000000000000000000000000000000000000000000000000000000000000000000000000
00000000000000000000000000000000000000000000000000000000000000000000000000000000000000000000000000000000000000001111111100000000000000000000000000000000000000000000000000000000000000000000000000000000000000000000000000000000000000000000000000000000000000000000000000000000000000000000000000000000000000000000000000000000
00000000000000000000000000000000000000000000000000000000000000000000000000000000000000000000000000000000000000000000000011111111000000000000000000000000000000000000000000000000000000000000000000000000000000000000000000000000000000000000000000000000000000000000000000000000000000000000000000000000000000000000000000000000
00000000000000000000000000000000000000000000000000000000000000000000000000000000000000000000000000000000000000000000000000000000111111110000000000000000000000000000000000000000000000000000000000000000000000000000000000000000000000000000000000000000000000000000000000000000000000000000000000000000000000000000000000000000
00000000000000000000000000000000000000000000000000000000000000000000000000000000000000000000000000000000000000000000000000000000000000001111111100000000000000000000000000000000000000000000000000000000000000000000000000000000000000000000000000000000000000000000000000000000000000000000000000000000000000000000000000000000
00000000000000000000000000000000000000000000000000000000000000000000000000000000000000000000000000000000000000000000000000000000000000000000000011111111000000000000000000000000000000000000000000000000000000000000000000000000000000000000000000000000000000000000000000000000000000000000000000000000000000000000000000000000
00000000000000000000000000000000000000000000000000000000000000000000000000000000000000000000000000000000000000000000000000000000000000000000000000000000111111110000000000000000000000000000000000000000000000000000000000000000000000000000000000000000000000000000000000000000000000000000000000000000000000000000000000000000
00000000000000000000000000000000000000000000000000000000000000000000000000000000000000000000000000000000000000000000000000000000000000000000000000000000000000001111111100000000000000000000000000000000000000000000000000000000000000000000000000000000000000000000000000000000000000000000000000000000000000000000000000000000
00000000000000000000000000000000000000000000000000000000000000000000000000000000000000000000000000000000000000000000000000000000000000000000000000000000000000000000000011111111000000000000000000000000000000000000000000000000000000000000000000000000000000000000000000000000000000000000000000000000000000000000000000000000
00000000000000000000000000000000000000000000000000000000000000000000000000000000000000000000000000000000000000000000000000000000000000000000000000000000000000000000000000000000111111110000000000000000000000000000000000000000000000000000000000000000000000000000000000000000000000000000000000000000000000000000000000000000
00000000000000000000000000000000000000000000000000000000000000000000000000000000000000000000000000000000000000000000000000000000000000000000000000000000000000000000000000000000000000001111111100000000000000000000000000000000000000000000000000000000000000000000000000000000000000000000000000000000000000000000000000000000
00000000000000000000000000000000000000000000000000000000000000000000000000000000000000000000000000000000000000000000000000000000000000000000000000000000000000000000000000000000000000000000000011111111000000000000000000000000000000000000000000000000000000000000000000000000000000000000000000000000000000000000000000000000
00000000000000000000000000000000000000000000000000000000000000000000000000000000000000000000000000000000000000000000000000000000000000000000000000000000000000000000000000000000000000000000000000000000111111110000000000000000000000000000000000000000000000000000000000000000000000000000000000000000000000000000000000000000
00000000000000000000000000000000000000000000000000000000000000000000000000000000000000000000000000000000000000000000000000000000000000000000000000000000000000000000000000000000000000000000000000000000000000001111111100000000000000000000000000000000000000000000000000000000000000000000000000000000000000000000000000000000
00000000000000000000000000000000000000000000000000000000000000000000000000000000000000000000000000000000000000000000000000000000000000000000000000000000000000000000000000000000000000000000000000000000000000000000000011111111000000000000000000000000000000000000000000000000000000000000000000000000000000000000000000000000
00000000000000000000000000000000000000000000000000000000000000000000000000000000000000000000000000000000000000000000000000000000000000000000000000000000000000000000000000000000000000000000000000000000000000000000000000000000111111110000000000000000000000000000000000000000000000000000000000000000000000000000000000000000
00000000000000000000000000000000000000000000000000000000000000000000000000000000000000000000000000000000000000000000000000000000000000000000000000000000000000000000000000000000000000000000000000000000000000000000000000000000000000001111111100000000000000000000000000000000000000000000000000000000000000000000000000000000
00000000000000000000000000000000000000000000000000000000000000000000000000000000000000000000000000000000000000000000000000000000000000000000000000000000000000000000000000000000000000000000000000000000000000000000000000000000000000000000000011111111000000000000000000000000000000000000000000000000000000000000000000000000
00000000000000000000000000000000000000000000000000000000000000000000000000000000000000000000000000000000000000000000000000000000000000000000000000000000000000000000000000000000000000000000000000000000000000000000000000000000000000000000000000000000111111110000000000000000000000000000000000000000000000000000000000000000
00000000000000000000000000000000000000000000000000000000000000000000000000000000000000000000000000000000000000000000000000000000000000000000000000000000000000000000000000000000000000000000000000000000000000000000000000000000000000000000000000000000000000001111111100000000000000000000000000000000000000000000000000000000
00000000000000000000000000000000000000000000000000000000000000000000000000000000000000000000000000000000000000000000000000000000000000000000000000000000000000000000000000000000000000000000000000000000000000000000000000000000000000000000000000000000000000000000000011111111000000000000000000000000000000000000000000000000
00000000000000000000000000000000000000000000000000000000000000000000000000000000000000000000000000000000000000000000000000000000000000000000000000000000000000000000000000000000000000000000000000000000000000000000000000000000000000000000000000000000000000000000000000000000111111110000000000000000000000000000000000000000
00000000000000000000000000000000000000000000000000000000000000000000000000000000000000000000000000000000000000000000000000000000000000000000000000000000000000000000000000000000000000000000000000000000000000000000000000000000000000000000000000000000000000000000000000000000000000001111111100000000000000000000000000000000
00000000000000000000000000000000000000000000000000000000000000000000000000000000000000000000000000000000000000000000000000000000000000000000000000000000000000000000000000000000000000000000000000000000000000000000000000000000000000000000000000000000000000000000000000000000000000000000000011111111000000000000000000000000
00000000000000000000000000000000000000000000000000000000000000000000000000000000000000000000000000000000000000000000000000000000000000000000000000000000000000000000000000000000000000000000000000000000000000000000000000000000000000000000000000000000000000000000000000000000000000000000000000000000111111110000000000000000
00000000000000000000000000000000000000000000000000000000000000000000000000000000000000000000000000000000000000000000000000000000000000000000000000000000000000000000000000000000000000000000000000000000000000000000000000000000000000000000000000000000000000000000000000000000000000000000000000000000000000001111111100000000
00000000000000000000000000000000000000000000000000000000000000000000000000000000000000000000000000000000000000000000000000000000000000000000000000000000000000000000000000000000000000000000000000000000000000000000000000000000000000000000000000000000000000000000000000000000000000000000000000000000000000000000000011111111
01001101010011010100110101001101010011010100110101001101010011010100110101001101010011010100110101001101010011010100110101001101010011010100110101001101010011010000000000000000000000000000000000000000000000000000000000000000000000000000000000000000000000000000000000000000000000000000000000000000000000000000000000000000
00101011001010110010101100101011001010110010101100101011001010110010101100101011001010110010101100101011001010110010101100101011001010110010101100101011001010110000000000000000000000000000000000000000000000000000000000000000000000000000000000000000000000000000000000000000000000000000000000000000000000000000000000000000
00010111000101110001011100010111000101110001011100010111000101110001011100010111000101110001011100010111000101110001011100010111000101110001011100010111000101110000000000000000000000000000000000000000000000000000000000000000000000000000000000000000000000000000000000000000000000000000000000000000000000000000000000000000
00000000000000000000000000000000000000000000000000000000000000000000000000000000000000000000000000000000000000000000000000000000000000000000000000000000000000000100110101001101010011010100110101001101010011010100110101001101010011010100110101001101010011010100110101001101010011010100110101001101010011010100110101001101
00000000000000000000000000000000000000000000000000000000000000000000000000000000000000000000000000000000000000000000000000000000000000000000000000000000000000000010101100101011001010110010101100101011001010110010101100101011001010110010101100101011001010110010101100101011001010110010101100101011001010110010101100101011
00000000000000000000000000000000000000000000000000000000000000000000000000000000000000000000000000000000000000000000000000000000000000000000000000000000000000000001011100010111000101110001011100010111000101110001011100010111000101110001011100010111000101110001011100010111000101110001011100010111000101110001011100010111
11001001101000110000110010101100000111100000100110110001100111110011010100111001101011000000101010110111100001111010100110010000101000000000000000000000000000001100100110100011000011001010110000011110000010011011000110011111001101010011100110101100000010101011011110000111101010011001000010100000000000000000000000000000
10001000000010011011111000101000101110000001100010111101100110101000111010000111101100011000010000011110101011001001110000101110100100000000000000000000000000001000100000001001101111100010100010111000000110001011110110011010100011101000011110110001100001000001111010101100100111000010111010010000000000000000000000000000
01000001101000110000010110001110101100101010110000000101100101010011100100011011000100011011110110111101101110000000111110111110100010000000000000000000000000000100000110100011000001011000111010110010101011000000010110010101001110010001101100010001101111011011110110111000000011111011111010001000000000000000000000000000
11100001001001001010110000010111100000010011111100110101101101111011010000111010100100111000001010000111001011011000011100100001100001000000000000000000000000001110000100100100101011000001011110000001001111110011010110110111101101000011101010010011100000101000011100101101100001110010000110000100000000000000000000000000
11001001000000000011111110000010000001010010010010010101001100000001110100100111001111001010000010101001100100000010010010011100100000100000000000000000000000001100100100000000001111111000001000000101001001001001010100110000000111010010011100111100101000001010100110010000001001001001110010000010000000000000000000000000
10001000100000011001111100101101000100101000100000010010101100010001101100010100101110111001001110111011100100111000101110001000100000010000000000000000000000001000100010000001100111110010110100010010100010000001001010110001000110110001010010111011100100111011101110010011100010111000100010000001000000000000000000000000
10101001001011011010100100010010000111010010111000000000100111110010010010010110001010111001111100001111101101001011111000110000000000001010000000000000000000001010100100101101101010010001001000011101001011100000000010011111001001001001011000101011100111110000111110110100101111100011000000000000101000000000000000000000
10001000001000101011000100000000001001111011010000101000000000110011001110110100000101110011100100001001101101110011100100100001000000001001000000000000000000001000100000100010101100010000000000100111101101000010100000000011001100111011010000010111001110010000100110110111001110010010000100000000100100000000000000000000
00101000101010100001100000110101100111111011011100001111001010000001110110001000100101010001010000010010000000001010101000100001000000001000100000000000000000000010100010101010000110000011010110011111101101110000111100101000000111011000100010010101000101000001001000000000101010100010000100000000100010000000000000000000
11000000101001100011000000000000000101111001111110101010100010110010010010000001001101101001011000000011100011010010000110111000000000001000010000000000000000001100000010100110001100000000000000010111100111111010101010001011001001001000000100110110100101100000001110001101001000011011100000000000100001000000000000000000
01001000000010100000011010001110100000100001011100011000000101000010001010011010001001000000001100001111100011100010101100100111000000001000001000000000000000000100100000001010000001101000111010000010000101110001100000010100001000101001101000100100000000110000111110001110001010110010011100000000100000100000000000000000
11101000000000001000011110101001000111100000101010001011000011000001111010110100100100111010110000000000100000010001011100011011000000001000000100000000000000001110100000000000100001111010100100011110000010101000101100001100000111101011010010010011101011000000000010000001000101110001101100000000100000010000000000000000
01001000000000001000111000100010001001111000111000101101100000100010001010001101101100101001000010010101001111111010010100001100000000000000000010100000000000000100100000000000100011100010001000100111100011100010110110000010001000101000110110110010100100001001010100111111101001010000110000000000000000001010000000000000
00000000000001011010000010111011100010001000110110101100000001010010000110011001001101011001011000001100100101011011100000010111000000000000000010010000000000000000000000000101101000001011101110001000100011011010110000000101001000011001100100110101100101100000110010010101101110000001011100000000000000001001000000000000
00100001100011100001111010110010000110111010101010010101100100110001100000011110101110000001101100111111001010000001000110100011000000000000000010001000000000000010000110001110000111101011001000011011101010101001010110010011000110000001111010111000000110110011111100101000000100011010001100000000000000001000100000000000
11100001001000010001110100010001101011001001100100110101000011111000100010000111000110110000101000011101001010111011010010110010000000000000000010000100000000001110000100100001000111010001000110101100100110010011010100001111100010001000011100011011000010100001110100101011101101001011001000000000000000001000010000000000
00101000000010011000000110111101101101001001011010011010101111100000000000000101000000110010100000011000100101100001010000100010000000000000000010000010000000000010100000001001100000011011110110110100100101101001101010111110000000000000010100000011001010000001100010010110000101000010001000000000000000001000001000000000
00101000100001000001011100111010100101010001110110100011001101101011101110110100000110110001111010010110100111001010100110001000000000000000000010000001000000000010100010000100000101110011101010010101000111011010001100110110101110111011010000011011000111101001011010011100101010011000100000000000000000001000000100000000
00000000000011111010101000010111100010111000011110100000101110000010101110101100001001000010000100100111001000010010001010100000000000000000000000000000101000000000000000001111101010100001011110001011100001111010000010111000001010111010110000100100001000010010011100100001001000101010000000000000000000000000000010100000
01100000100000011011011100100001001110100001110110001110101000000001000100010010101111100001001000001010001001001010100100000101000000000000000000000000100100000110000010000001101101110010000100111010000111011000111010100000000100010001001010111110000100100000101000100100101010010000010100000000000000000000000010010000
10100000001010001001000010100011101111100000010110011001000001101010011000011000100111111001101010011100001101011010101010011100000000000000000000000000100010001010000000101000100100001010001110111110000001011001100100000110101001100001100010011111100110101001110000110101101010101001110000000000000000000000000010001000
01000001001000101000100000010001101111100001110100100100001100111011011100101101100100111010000010010110001111000010110110000010000000000000000000000000100001000100000100100010100010000001000110111110000111010010010000110011101101110010110110010011101000001001011000111100001011011000001000000000000000000000000010000100
01100000001011011000101110110100101000000000111110100110100110100000100110000100100100000010011100001100100001111010000010110001000000000000000000000000100000100110000000101101100010111011010010100000000011111010011010011010000010011000010010010000001001110000110010000111101000001011000100000000000000000000000010000010
01101001100001000000000000000000101110111000100010110111100110100001011110100101001101010011100110111000001010111011010000010100000000000000000000000000100000010110100110000100000000000000000010111011100010001011011110011010000101111010010100110101001110011011100000101011101101000001010000000000000000000000000010000001

X checks
11111111000000000000000000000000000000000000000000000000000000000000000000000000000000000000000000000000000000000000000000000000000000000000000000000000000000000000000000000000000000000000000000000000000000000000000000000000000000000000000000000000000000000000000000000000000000000000000000000000000000000000000000000000
00000000111111110000000000000000000000000000000000000000000000000000000000000000000000000000000000000000000000000000000000000000000000000000000000000000000000000000000000000000000000000000000000000000000000000000000000000000000000000000000000000000000000000000000000000000000000000000000000000000000000000000000000000000
00000000000000001111111100000000000000000000000000000000000000000000000000000000000000000000000000000000000000000000000000000000000000000000000000000000000000000000000000000000000000000000000000000000000000000000000000000000000000000000000000000000000000000000000000000000000000000000000000000000000000000000000000000000
00000000000000000000000011111111000000000000000000000000000000000000000000000000000000000000000000000000000000000000000000000000000000000000000000000000000000000000000000000000000000000000000000000000000000000000000000000000000000000000000000000000000000000000000000000000000000000000000000000000000000000000000000000000
00000000000000000000000000000000111111110000000000000000000000000000000000000000000000000000000000000000000000000000000000000000000000000000000000000000000000000000000000000000000000000000000000000000000000000000000000000000000000000000000000000000000000000000000000000000000000000000000000000000000000000000000000000000
00000000000000000000000000000000000000001111111100000000000000000000000000000000000000000000000000000000000000000000000000000000000000000000000000000000000000000000000000000000000000000000000000000000000000000000000000000000000000000000000000000000000000000000000000000000000000000000000000000000000000000000000000000000
00000000000000000000000000000000000000000000000011111111000000000000000000000000000000000000000000000000000000000000000000000000000000000000000000000000000000000000000000000000000000000000000000000000000000000000000000000000000000000000000000000000000000000000000000000000000000000000000000000000000000000000000000000000
00000000000000000000000000000000000000000000000000000000111111110000000000000000000000000000000000000000000000000000000000000000000000000000000000000000000000000000000000000000000000000000000000000000000000000000000000000000000000000000000000000000000000000000000000000000000000000000000000000000000000000000000000000000
00000000000000000000000000000000000000000000000000000000000000001111111100000000000000000000000000000000000000000000000000000000000000000000000000000000000000000000000000000000000000000000000000000000000000000000000000000000000000000000000000000000000000000000000000000000000000000000000000000000000000000000000000000000
00000000000000000000000000000000000000000000000000000000000000000000000011111111000000000000000000000000000000000000000000000000000000000000000000000000000000000000000000000000000000000000000000000000000000000000000000000000000000000000000000000000000000000000000000000000000000000000000000000000000000000000000000000000
00000000000000000000000000000000000000000000000000000000000000000000000000000000111111110000000000000000000000000000000000000000000000000000000000000000000000000000000000000000000000000000000000000000000000000000000000000000000000000000000000000000000000000000000000000000000000000000000000000000000000000000000000000000
00000000000000000000000000000000000000000000000000000000000000000000000000000000000000001111111100000000000000000000000000000000000000000000000000000000000000000000000000000000000000000000000000000000000000000000000000000000000000000000000000000000000000000000000000000000000000000000000000000000000000000000000000000000
00000000000000000000000000000000000000000000000000000000000000000000000000000000000000000000000011111111000000000000000000000000000000000000000000000000000000000000000000000000000000000000000000000000000000000000000000000000000000000000000000000000000000000000000000000000000000000000000000000000000000000000000000000000
00000000000000000000000000000000000000000000000000000000000000000000000000000000000000000000000000000000111111110000000000000000000000000000000000000000000000000000000000000000000000000000000000000000000000000000000000000000000000000000000000000000000000000000000000000000000000000000000000000000000000000000000000000000
00000000000000000000000000000000000000000000000000000000000000000000000000000000000000000000000000000000000000001111111100000000000000000000000000000000000000000000000000000000000000000000000000000000000000000000000000000000000000000000000000000000000000000000000000000000000000000000000000000000000000000000000000000000
00000000000000000000000000000000000000000000000000000000000000000000000000000000000000000000000000000000000000000000000011111111000000000000000000000000000000000000000000000000000000000000000000000000000000000000000000000000000000000000000000000000000000000000000000000000000000000000000000000000000000000000000000000000
00000000000000000000000000000000000000000000000000000000000000000000000000000000000000000000000000000000000000000000000000000000111111110000000000000000000000000000000000000000000000000000000000000000000000000000000000000000000000000000000000000000000000000000000000000000000000000000000000000000000000000000000000000000
00000000000000000000000000000000000000000000000000000000000000000000000000000000000000000000000000000000000000000000000000000000000000001111111100000000000000000000000000000000000000000000000000000000000000000000000000000000000000000000000000000000000000000000000000000000000000000000000000000000000000000000000000000000
00000000000000000000000000000000000000000000000000000000000000000000000000000000000000000000000000000000000000000000000000000000000000000000000011111111000000000000000000000000000000000000000000000000000000000000000000000000000000000000000000000000000000000000000000000000000000000000000000000000000000000000000000000000
00000000000000000000000000000000000000000000000000000000000000000000000000000000000000000000000000000000000000000000000000000000000000000000000000000000111111110000000000000000000000000000000000000000000000000000000000000000000000000000000000000000000000000000000000000000000000000000000000000000000000000000000000000000
00000000000000000000000000000000000000000000000000000000000000000000000000000000000000000000000000000000000000000000000000000000000000000000000000000000000000001111111100000000000000000000000000000000000000000000000000000000000000000000000000000000000000000000000000000000000000000000000000000000000000000000000000000000
00000000000000000000000000000000000000000000000000000000000000000000000000000000000000000000000000000000000000000000000000000000000000000000000000000000000000000000000011111111000000000000000000000000000000000000000000000000000000000000000000000000000000000000000000000000000000000000000000000000000000000000000000000000
00000000000000000000000000000000000000000000000000000000000000000000000000000000000000000000000000000000000000000000000000000000000000000000000000000000000000000000000000000000111111110000000000000000000000000000000000000000000000000000000000000000000000000000000000000000000000000000000000000000000000000000000000000000
00000000000000000000000000000000000000000000000000000000000000000000000000000000000000000000000000000000000000000000000000000000000000000000000000000000000000000000000000000000000000001111111100000000000000000000000000000000000000000000000000000000000000000000000000000000000000000000000000000000000000000000000000000000
00000000000000000000000000000000000000000000000000000000000000000000000000000000000000000000000000000000000000000000000000000000000000000000000000000000000000000000000000000000000000000000000011111111000000000000000000000000000000000000000000000000000000000000000000000000000000000000000000000000000000000000000000000000
00000000000000000000000000000000000000000000000000000000000000000000000000000000000000000000000000000000000000000000000000000000000000000000000000000000000000000000000000000000000000000000000000000000111111110000000000000000000000000000000000000000000000000000000000000000000000000000000000000000000000000000000000000000
00000000000000000000000000000000000000000000000000000000000000000000000000000000000000000000000000000000000000000000000000000000000000000000000000000000000000000000000000000000000000000000000000000000000000001111111100000000000000000000000000000000000000000000000000000000000000000000000000000000000000000000000000000000
00000000000000000000000000000000000000000000000000000000000000000000000000000000000000000000000000000000000000000000000000000000000000000000000000000000000000000000000000000000000000000000000000000000000000000000000011111111000000000000000000000000000000000000000000000000000000000000000000000000000000000000000000000000
00000000000000000000000000000000000000000000000000000000000000000000000000000000000000000000000000000000000000000000000000000000000000000000000000000000000000000000000000000000000000000000000000000000000000000000000000000000111111110000000000000000000000000000000000000000000000000000000000000000000000000000000000000000
00000000000000000000000000000000000000000000000000000000000000000000000000000000000000000000000000000000000000000000000000000000000000000000000000000000000000000000000000000000000000000000000000000000000000000000000000000000000000001111111100000000000000000000000000000000000000000000000000000000000000000000000000000000
00000000000000000000000000000000000000000000000000000000000000000000000000000000000000000000000000000000000000000000000000000000000000000000000000000000000000000000000000000000000000000000000000000000000000000000000000000000000000000000000011111111000000000000000000000000000000000000000000000000000000000000000000000000
00000000000000000000000000000000000000000000000000000000000000000000000000000000000000000000000000000000000000000000000000000000000000000000000000000000000000000000000000000000000000000000000000000000000000000000000000000000000000000000000000000000111111110000000000000000000000000000000000000000000000000000000000000000
00000000000000000000000000000000000000000000000000000000000000000000000000000000000000000000000000000000000000000000000000000000000000000000000000000000000000000000000000000000000000000000000000000000000000000000000000000000000000000000000000000000000000001111111100000000000000000000000000000000000000000000000000000000
00000000000000000000000000000000000000000000000000000000000000000000000000000000000000000000000000000000000000000000000000000000000000000000000000000000000000000000000000000000000000000000000000000000000000000000000000000000000000000000000000000000000000000000000011111111000000000000000000000000000000000000000000000000
00000000000000000000000000000000000000000000000000000000000000000000000000000000000000000000000000000000000000000000000000000000000000000000000000000000000000000000000000000000000000000000000000000000000000000000000000000000000000000000000000000000000000000000000000000000111111110000000000000000000000000000000000000000
00000000000000000000000000000000000000000000000000000000000000000000000000000000000000000000000000000000000000000000000000000000000000000000000000000000000000000000000000000000000000000000000000000000000000000000000000000000000000000000000000000000000000000000000000000000000000001111111100000000000000000000000000000000
00000000000000000000000000000000000000000000000000000000000000000000000000000000000000000000000000000000000000000000000000000000000000000000000000000000000000000000000000000000000000000000000000000000000000000000000000000000000000000000000000000000000000000000000000000000000000000000000011111111000000000000000000000000
00000000000000000000000000000000000000000000000000000000000000000000000000000000000000000000000000000000000000000000000000000000000000000000000000000000000000000000000000000000000000000000000000000000000000000000000000000000000000000000000000000000000000000000000000000000000000000000000000000000111111110000000000000000
00000000000000000000000000000000000000000000000000000000000000000000000000000000000000000000000000000000000000000000000000000000000000000000000000000000000000000000000000000000000000000000000000000000000000000000000000000000000000000000000000000000000000000000000000000000000000000000000000000000000000001111111100000000
00000000000000000000000000000000000000000000000000000000000000000000000000000000000000000000000000000000000000000000000000000000000000000000000000000000000000000000000000000000000000000000000000000000000000000000000000000000000000000000000000000000000000000000000000000000000000000000000000000000000000000000000011111111
11001100110011001100110011001100110011001100110011001100110011001100110011001100110011001100110011001100110011001100110011001100110011001100110011001100110011000000000000000000000000000000000000000000000000000000000000000000000000000000000000000000000000000000000000000000000000000000000000000000000000000000000000000000
10101010101010101010101010101010101010101010101010101010101010101010101010101010101010101010101010101010101010101010101010101010101010101010101010101010101010100000000000000000000000000000000000000000000000000000000000000000000000000000000000000000000000000000000000000000000000000000000000000000000000000000000000000000
10010110100101101001011010010110100101101001011010010110100101101001011010010110100101101001011010010110100101101001011010010110100101101001011010010110100101100000000000000000000000000000000000000000000000000000000000000000000000000000000000000000000000000000000000000000000000000000000000000000000000000000000000000000
00000000000000000000000000000000000000000000000000000000000000000000000000000000000000000000000000000000000000000000000000000000000000000000000000000000000000001100110011001100110011001100110011001100110011001100110011001100110011001100110011001100110011001100110011001100110011001100110011001100110011001100110011001100
00000000000000000000000000000000000000000000000000000000000000000000000000000000000000000000000000000000000000000000000000000000000000000000000000000000000000001010101010101010101010101010101010101010101010101010101010101010101010101010101010101010101010101010101010101010101010101010101010101010101010101010101010101010
00000000000000000000000000000000000000000000000000000000000000000000000000000000000000000000000000000000000000000000000000000000000000000000000000000000000000001001011010010110100101101001011010010110100101101001011010010110100101101001011010010110100101101001011010010110100101101001011010010110100101101001011010010110
00000101011000110000110001101100000111100000100101110001010111110011010100111001011011000000101001110111010001110110100101010000011000000000000000000000000000000000010101100011000011000110110000011110000010010111000101011111001101010011100101101100000010100111011101000111011010010101000001100000000000000000000000000000
00010010000010010111111000101000011110000001100001111101010110100100111001000111011100010100010000011110011011000101110000101110010100000000000000000000000000000001001000001001011111100010100001111000000110000111110101011010010011100100011101110001010001000001111001101100010111000010111001010000000000000000000000000000
00000011011000110000010101001110011100100110110000000101010101010011100100011011000100010111110101111101011110000000111101111110010010000000000000000000000000000000001101100011000001010100111001110010011011000000010101010101001110010001101100010001011111010111110101111000000011110111111001001000000000000000000000000000
00000101001001000110110000010111010000010011111100110101011101110111010000111010010100110100001001000111001011010100011100100001010001000000000000000000000000000000010100100100011011000001011101000001001111110011010101110111011101000011101001010011010000100100011100101101010001110010000101000100000000000000000000000000
00010001000000000011111101000010000001010010010001010101001100000001110100100111001111000110000001101001010100000010010001011100010000100000000000000000000000000001000100000000001111110100001000000101001001000101010100110000000111010010011100111100011000000110100101010000001001000101110001000010000000000000000000000000
00000000000100010101111100101101000100100100100000010010011100010001101100010100011110110101001101111011010100110100101101001000010000010000000000000000000000000000000000010001010111110010110100010010010010000001001001110001000110110001010001111011010100110111101101010011010010110100100001000001000000000000000000000000
00000101011111010110100100010010000111010010111000000000010111110010010001010110001010110101111100001111011101000111111000110000000000000110000000000000000000000000010101111101011010010001001000011101001011100000000001011111001001000101011000101011010111110000111101110100011111100011000000000000011000000000000000000000
00010010001000100111000100000000001001110111010000101000000000110011001101110100000101110011100100001001011101110011100100100001000000000101000000000000000000000001001000100010011100010000000000100111011101000010100000000011001100110111010000010111001110010000100101110111001110010010000100000000010100000000000000000000
00000000011010100001100000110101010111110111011100001111001010000001110101001000010101010001010000010010000000000110101000100001000000000100100000000000000000000000000001101010000110000011010101011111011101110000111100101000000111010100100001010101000101000001001000000000011010100010000100000000010010000000000000000000
00010010001101100011000000000000000101110101111101101010010010110010010001000001001101100101011000000011010011010010000101111000000000000100010000000000000000000001001000110110001100000000000000010111010111110110101001001011001001000100000100110110010101100000001101001101001000010111100000000000010001000000000000000000
00000110000010100000011001001110010000100001011100011000000101000010001001011010001001000000001100001111010011100010101100100111000000000100001000000000000000000000011000001010000001100100111001000010000101110001100000010100001000100101101000100100000000110000111101001110001010110010011100000000010000100000000000000000
00010010010100000100011101101001000111100000101001001011000011000001111001110100010100110110110000000000010000010001011100011011000000000100000100000000000000000001001001010000010001110110100100011110000010100100101100001100000111100111010001010011011011000000000001000001000101110001101100000000010000010000000000000000
00010100010100000100111000100010001001110100111000101101010000100010001001001101011100100101000001010101001111110110010100001100000000000000000001100000000000000001010001010000010011100010001000100111010011100010110101000010001000100100110101110010010100000101010100111111011001010000110000000000000000000110000000000000
00010010010101010110000001111011010010000100110101101100000001010010000101011001001101010101011000001100010101010111100000010111000000000000000001010000000000000001001001010101011000000111101101001000010011010110110000000101001000010101100100110101010101100000110001010101011110000001011100000000000000000101000000000000
00010111000111100001111001110010000110110110101001010101010100110001100000011110011110000001101100111111001010000001000101100011000000000000000001001000000000000001011100011110000111100111001000011011011010100101010101010011000110000001111001111000000110110011111100101000000100010110001100000000000000000100100000000000
00000101001000010001110100010001011011000101100100110101000011110100100001000111000110110000101000011101001010110111010001110010000000000000000001000100000000000000010100100001000111010001000101101100010110010011010100001111010010000100011100011011000010100001110100101011011101000111001000000000000000000100010000000000
00000110010110010100000101111101011101000101011001011010011111100000000000000101000000110010100000011000010101100001010000100010000000000000000001000010000000000000011001011001010000010111110101110100010101100101101001111110000000000000010100000011001010000001100001010110000101000010001000000000000000000100001000000000
00010100010001000001011100111010010101010001110101100011001101100111101101110100000110110001111001010110010111000110100101001000000000000000000001000001000000000001010001000100000101110011101001010101000111010110001100110110011110110111010000011011000111100101011001011100011010010100100000000000000000000100000100000000
00000000000011110110101000010111010010110100011101100000011110000010101101101100001001000010000100100111001000010010001001100000000000000000000000000000011000000000000000001111011010100001011101001011010001110110000001111000001010110110110000100100001000010010011100100001001000100110000000000000000000000000000001100000
00010010010000010111011100100001001110100001110101001110011000000001000100010010011111100001001000001010001001000110100100000101000000000000000000000000010100000001001001000001011101110010000100111010000111010100111001100000000100010001001001111110000100100000101000100100011010010000010100000000000000000000000001010000
00010100011110000101000001100011011111100000010101011001000001100110011000011000010111110101101001011100001101010110101001011100000000000000000000000000010010000001010001111000010100000110001101111110000001010101100100000110011001100001100001011111010110100101110000110101011010100101110000000000000000000000000001001000
00010001011100100100100000010001011111100001110100100100001100110111011100101101010100110110000001010110001111000010110101000010000000000000000000000000010001000001000101110010010010000001000101111110000111010010010000110011011101110010110101010011011000000101011000111100001011010100001000000000000000000000000001000100
00010010001011010100101101110100011000000000111101100110010110100000100101000100010100000010011100001100010001110110000001110001000000000000000000000000010000100001001000101101010010110111010001100000000011110110011001011010000010010100010001010000001001110000110001000111011000000111000100000000000000000000000001000010
00010001000101000000000000000000011110110100100001110111010110100001011101100101001101010011100101111000001010110111010000010100000000000000000000000000010000010001000100010100000000000000000001111011010010000111011101011010000101110110010100110101001110010111100000101011011101000001010000000000000000000000000001000001

