Z checks
111111111111111100000000000000000000000000000000000000000000000000000000000000000000000000000000000000000000000000000000000000000000000000000000000000000000000000000000000000000000000000000000000000000000000000000000000000000000000000000000000000000000000000000000000000000000000000000000000000000000000000000000000000000000000000000000000000000000000000000000000000000000000000000000
000000000000000011111111111111110000000000000000000000000000000000000000000000000000000000000000000000000000000000000000000000000000000000000000000000000000000000000000000000000000000000000000000000000000000000000000000000000000000000000000000000000000000000000000000000000000000000000000000000000000000000000000000000000000000000000000000000000000000000000000000000000000000000000000
000000000000000000000000000000001111111111111111000000000000000000000000000000000000000000000000000000000000000000000000000000000000000000000000000000000000000000000000000000000000000000000000000000000000000000000000000000000000000000000000000000000000000000000000000000000000000000000000000000000000000000000000000000000000000000000000000000000000000000000000000000000000000000000000
000000000000000000000000000000000000000000000000111111111111111100000000000000000000000000000000000000000000000000000000000000000000000000000000000000000000000000000000000000000000000000000000000000000000000000000000000000000000000000000000000000000000000000000000000000000000000000000000000000000000000000000000000000000000000000000000000000000000000000000000000000000000000000000000
000000000000000000000000000000000000000000000000000000000000000011111111111111110000000000000000000000000000000000000000000000000000000000000000000000000000000000000000000000000000000000000000000000000000000000000000000000000000000000000000000000000000000000000000000000000000000000000000000000000000000000000000000000000000000000000000000000000000000000000000000000000000000000000000
000000000000000000000000000000000000000000000000000000000000000000000000000000001111111111111111000000000000000000000000000000000000000000000000000000000000000000000000000000000000000000000000000000000000000000000000000000000000000000000000000000000000000000000000000000000000000000000000000000000000000000000000000000000000000000000000000000000000000000000000000000000000000000000000
000000000000000000000000000000000000000000000000000000000000000000000000000000000000000000000000111111111111111100000000000000000000000000000000000000000000000000000000000000000000000000000000000000000000000000000000000000000000000000000000000000000000000000000000000000000000000000000000000000000000000000000000000000000000000000000000000000000000000000000000000000000000000000000000
000000000000000000000000000000000000000000000000000000000000000000000000000000000000000000000000000000000000000011111111111111110000000000000000000000000000000000000000000000000000000000000000000000000000000000000000000000000000000000000000000000000000000000000000000000000000000000000000000000000000000000000000000000000000000000000000000000000000000000000000000000000000000000000000
000000000000000000000000000000000000000000000000000000000000000000000000000000000000000000000000000000000000000000000000000000001111111111111111000000000000000000000000000000000000000000000000000000000000000000000000000000000000000000000000000000000000000000000000000000000000000000000000000000000000000000000000000000000000000000000000000000000000000000000000000000000000000000000000
000000000000000000000000000000000000000000000000000000000000000000000000000000000000000000000000000000000000000000000000000000000000000000000000111111111111111100000000000000000000000000000000000000000000000000000000000000000000000000000000000000000000000000000000000000000000000000000000000000000000000000000000000000000000000000000000000000000000000000000000000000000000000000000000
000000000000000000000000000000000000000000000000000000000000000000000000000000000000000000000000000000000000000000000000000000000000000000000000000000000000000011111111111111110000000000000000000000000000000000000000000000000000000000000000000000000000000000000000000000000000000000000000000000000000000000000000000000000000000000000000000000000000000000000000000000000000000000000000
000000000000000000000000000000000000000000000000000000000000000000000000000000000000000000000000000000000000000000000000000000000000000000000000000000000000000000000000000000001111111111111111000000000000000000000000000000000000000000000000000000000000000000000000000000000000000000000000000000000000000000000000000000000000000000000000000000000000000000000000000000000000000000000000
000000000000000000000000000000000000000000000000000000000000000000000000000000000000000000000000000000000000000000000000000000000000000000000000000000000000000000000000000000000000000000000000111111111111111100000000000000000000000000000000000000000000000000000000000000000000000000000000000000000000000000000000000000000000000000000000000000000000000000000000000000000000000000000000
000000000000000000000000000000000000000000000000000000000000000000000000000000000000000000000000000000000000000000000000000000000000000000000000000000000000000000000000000000000000000000000000000000000000000011111111111111110000000000000000000000000000000000000000000000000000000000000000000000000000000000000000000000000000000000000000000000000000000000000000000000000000000000000000
000000000000000000000000000000000000000000000000000000000000000000000000000000000000000000000000000000000000000000000000000000000000000000000000000000000000000000000000000000000000000000000000000000000000000000000000000000001111111111111111000000000000000000000000000000000000000000000000000000000000000000000000000000000000000000000000000000000000000000000000000000000000000000000000
000000000000000000000000000000000000000000000000000000000000000000000000000000000000000000000000000000000000000000000000000000000000000000000000000000000000000000000000000000000000000000000000000000000000000000000000000000000000000000000000111111111111111100000000000000000000000000000000000000000000000000000000000000000000000000000000000000000000000000000000000000000000000000000000
000000000000000000000000000000000000000000000000000000000000000000000000000000000000000000000000000000000000000000000000000000000000000000000000000000000000000000000000000000000000000000000000000000000000000000000000000000000000000000000000000000000000000011111111111111110000000000000000000000000000000000000000000000000000000000000000000000000000000000000000000000000000000000000000
000000000000000000000000000000000000000000000000000000000000000000000000000000000000000000000000000000000000000000000000000000000000000000000000000000000000000000000000000000000000000000000000000000000000000000000000000000000000000000000000000000000000000000000000000000001111111111111111000000000000000000000000000000000000000000000000000000000000000000000000000000000000000000000000
000000000000000000000000000000000000000000000000000000000000000000000000000000000000000000000000000000000000000000000000000000000000000000000000000000000000000000000000000000000000000000000000000000000000000000000000000000000000000000000000000000000000000000000000000000000000000000000000111111111111111100000000000000000000000000000000000000000000000000000000000000000000000000000000
000000000000000000000000000000000000000000000000000000000000000000000000000000000000000000000000000000000000000000000000000000000000000000000000000000000000000000000000000000000000000000000000000000000000000000000000000000000000000000000000000000000000000000000000000000000000000000000000000000000000000011111111111111110000000000000000000000000000000000000000000000000000000000000000
000000000000000000000000000000000000000000000000000000000000000000000000000000000000000000000000000000000000000000000000000000000000000000000000000000000000000000000000000000000000000000000000000000000000000000000000000000000000000000000000000000000000000000000000000000000000000000000000000000000000000000000000000000001111111111111111000000000000000000000000000000000000000000000000
000000000000000000000000000000000000000000000000000000000000000000000000000000000000000000000000000000000000000000000000000000000000000000000000000000000000000000000000000000000000000000000000000000000000000000000000000000000000000000000000000000000000000000000000000000000000000000000000000000000000000000000000000000000000000000000000111111111111111100000000000000000000000000000000
000000000000000000000000000000000000000000000000000000000000000000000000000000000000000000000000000000000000000000000000000000000000000000000000000000000000000000000000000000000000000000000000000000000000000000000000000000000000000000000000000000000000000000000000000000000000000000000000000000000000000000000000000000000000000000000000000000000000000011111111111111110000000000000000
000000000000000000000000000000000000000000000000000000000000000000000000000000000000000000000000000000000000000000000000000000000000000000000000000000000000000000000000000000000000000000000000000000000000000000000000000000000000000000000000000000000000000000000000000000000000000000000000000000000000000000000000000000000000000000000000000000000000000000000000000000001111111111111111
010110100100110101011010010011010101101001001101010110100100110101011010010011010101101001001101010110100100110101011010010011010101101001001101010110100100110101011010010011010101101001001101000000000000000000000000000000000000000000000000000000000000000000000000000000000000000000000000000000000000000000000000000000000000000000000000000000000000000000000000000000000000000000000000
001001011100110100100101110011010010010111001101001001011100110100100101110011010010010111001101001001011100110100100101110011010010010111001101001001011100110100100101110011010010010111001101000000000000000000000000000000000000000000000000000000000000000000000000000000000000000000000000000000000000000000000000000000000000000000000000000000000000000000000000000000000000000000000000
000101101010101100010110101010110001011010101011000101101010101100010110101010110001011010101011000101101010101100010110101010110001011010101011000101101010101100010110101010110001011010101011000000000000000000000000000000000000000000000000000000000000000000000000000000000000000000000000000000000000000000000000000000000000000000000000000000000000000000000000000000000000000000000000
000010111001011100001011100101110000101110010111000010111001011100001011100101110000101110010111000010111001011100001011100101110000101110010111000010111001011100001011100101110000101110010111000000000000000000000000000000000000000000000000000000000000000000000000000000000000000000000000000000000000000000000000000000000000000000000000000000000000000000000000000000000000000000000000
000000000000000000000000000000000000000000000000000000000000000000000000000000000000000000000000000000000000000000000000000000000000000000000000000000000000000000000000000000000000000000000000010110100100110101011010010011010101101001001101010110100100110101011010010011010101101001001101010110100100110101011010010011010101101001001101010110100100110101011010010011010101101001001101
000000000000000000000000000000000000000000000000000000000000000000000000000000000000000000000000000000000000000000000000000000000000000000000000000000000000000000000000000000000000000000000000001001011100110100100101110011010010010111001101001001011100110100100101110011010010010111001101001001011100110100100101110011010010010111001101001001011100110100100101110011010010010111001101
000000000000000000000000000000000000000000000000000000000000000000000000000000000000000000000000000000000000000000000000000000000000000000000000000000000000000000000000000000000000000000000000000101101010101100010110101010110001011010101011000101101010101100010110101010110001011010101011000101101010101100010110101010110001011010101011000101101010101100010110101010110001011010101011
000000000000000000000000000000000000000000000000000000000000000000000000000000000000000000000000000000000000000000000000000000000000000000000000000000000000000000000000000000000000000000000000000010111001011100001011100101110000101110010111000010111001011100001011100101110000101110010111000010111001011100001011100101110000101110010111000010111001011100001011100101110000101110010111
100110000010100100011111001011110001100010000100101011000101110000000101100110100001011111000000101100000111110010000011111100011000010010110100100001001100101010010101100011101001001000100101100110000010100100011111001011110001100010000100101011000101110000000101100110100001011111000000101100000111110010000011111100011000010010110100100001001100101010010101100011101001001000100101
110000000000101010110100101110001011111010110100001100111011000110100100000100000000001010000011100110111110000010011010100111001000000000110001000011010100011000101011000110111000010101110101110000000000101010110100101110001011111010110100001100111011000110100100000100000000001010000011100110111110000010011010100111001000000000110001000011010100011000101011000110111000010101110101
000010000010010100000100001001100000110000110000001111110101010110100100000100001001011101100001001110110000100000101100010000001011001011111100101000110110000010000111001110101000010100100101000010000010010100000100001001100000110000110000001111110101010110100100000100001001011101100001001110110000100000101100010000001011001011111100101000110110000010000111001110101000010100100101
011110000000001110110010101000110010101000111110000001111101010110000100100010111001011011000110001000111100100010100100010000000011001010010001000011001010000010000010100011100000101000010010011110000000001110110010101000110010101000111110000001111101010110000100100010111001011011000110001000111100100010100100010000000011001010010001000011001010000010000010100011100000101000010010
110110000010001000110010101001110000100010010111101100010101110010111001110111001001010110100110000011011110000010010011110011000011000001100000100010011110110000011010001111101000110011111101110110000010001000110010101001110000100010010111101100010101110010111001110111001001010110100110000011011110000010010011110011000011000001100000100010011110110000011010001111101000110011111101
100010000011001100110101100010000011100000011010001011101010110000001000100110001000110111000000001000100011110010101101000111110000011100110100001001111110111000011010101011010000010101000100100010000011001100110101100010000011100000011010001011101010110000001000100110001000110111000000001000100011110010101101000111110000011100110100001001111110111000011010101011010000010101000100
011100000001000000011010001111010011000010110010101110001001111110110000010101001000010010000010000111001000000010101111101111101011001110111100100010000100111000011011101100101000000111011110011100000001000000011010001111010011000010110010101110001001111110110000010101001000010010000010000111001000000010101111101111101011001110111100100010000100111000011011101100101000000111011110
010010000001001000011000001101010011111010100010000010101001000000011001010111101001001100000110000001110010000000001110000111001010111110010101100010000100111000001100001111001000100101101011010010000001001000011000001101010011111010100010000010101001000000011001010111101001001100000110000001110010000000001110000111001010111110010101100010000100111000001100001111001000100101101011
000010000010100110100000000111101010101000110110001101010101110010000001010000101001010001000110100101000000010000010101101101101001011011010100101011101110111100010111001111111000100110111001000010000010100110100000000111101010101000110110001101010101110010000001010000101001010001000110100101000000010000010101101101101001011011010100101011101110111100010111001111111000100110111001
001010000011101010000011100000110001101010011000001111101101100100010101010100101001000010000111101110101011000010010110010100001010001000011010101011101110110010000001001000011000011110000001001010000011101010000011100000110001101010011000001111101101100100010101010100101001000010000111101110101011000010010110010100001010001000011010101011101110110010000001001000011000011110000001
101000000011100100111111001101101011101000000100101001110100010110111101000011001001011001000100101110001111010110010001101100110010011110101100100010101000000000001111000011001000111100010110101000000011100100111111001101101011101000000100101001110100010110111101000011001001011001000100101110001111010110010001101100110010011110101100100010101000000000001111000011001000111100010110
100110000010001100011100100111011001001011110100101001011111110010101101100100101000001000000011001001001110010000110100010000000000010110111000101010001110101010011111100001110000010000000001100110000010001100011100100111011001001011110100101001011111110010101101100100101000001000000011001001001110010000110100010000000000010110111000101010001110101010011111100001110000010000000001
010010000001101100111011000100110000000000110000101100000111110000001100011110000000000010000001000000111111110000010101101010000011011000010100101011000000101010000011100100100000110010101001010010000001101100111011000100110000000000110000101100000111110000001100011110000000000010000001000000111111110000010101101010000011011000010100101011000000101010000011100100100000110010101001
011010000000100000001101001001101000101000001110001101010100010000100000010100101001001000000010100101101011010000000111110111001010011011101101101001000010011000011111001000111010011101000011011010000000100000001101001001101000101000001110001101010100010000100000010100101001001000000010100101101011010000000111110111001010011011101101101001000010011000011111001000111010011101000011
100100000011000010001010001011111010010010011000101101110011000000110100010111101010000110100010000001110000010010011010011010100001010101001100100000001010100000011111000011100000010100000000100100000011000010001010001011111010010010011000101101110011000000110100010111101010000110100010000001110000010010011010011010100001010101001100100000001010100000011111000011100000010100000000
001000000000100010100101000110110010100100101010101100010010000100000101100001000001000011100101101001111100100000100000001101110011011011110000101000101010111010001001000101100000011010101010001000000000100010100101000110110010100100101010101100010010000100000101100001000001000011100101101001111100100000100000001101110011011011110000101000101010111010001001000101100000011010101010
001000000000101100111010000000001000101000001000000010010101000010000001010111000001010110110011101111100101000010001001110001001010010101000100001010100000001010001110001110010000001110110001001000000000101100111010000000001000101000001000000010010101000010000001010111000001010110110011101111100101000010001001110001001010010101000100001010100000001010001110001110010000001110110001
101100000000001000000100011100001000110010000000101110110001100000110100010110001000000110000010001000000011010000101011100101101011010111010101000001011110001000000111001100011000001111011010101100000000001000000100011100001000110010000000101110110001100000110100010110001000000110000010001000000011010000101011100101101011010111010101000001011110001000000111001100011000001111011010
011010000000100010110010101100010001101000001000100111000011000010101101010001101000000100000000001001001101111000111111100101010001000000100101000011101010001010011101000010000000101010101001011010000000100010110010101100010001101000001000100111000011000010101101010001101000000100000000001001001101111000111111100101010001000000100101000011101010001010011101000010000000101010101001
010100000000101000110110001101010000111000000100000001110101100000000000110101001001001000000001000110110111100010011111010000010001010000100100101010001111001010010011001001110000000001011010010100000000101000110110001101010000111000000100000001110101100000000000110101001001001000000001000110110111100010011111010000010001010000100100101010001111001010010011001001110000000001011010
011000000000001100101110001011011000000000001110100110000011100010110010100101101001010010000000101100111001100000001111110111101001000101010001100010111100000010011010000000001000100100110010011000000000001100101110001011011000000000001110100110000011100010110010100101101001010010000000101100111001100000001111110111101001000101010001100010111100000010011010000000001000100100110010
001100000000100100100100101100010001111000000110101010010111100000000001000111001000000000100000000100010010010010001100110110011010000110110101101101011000000000001111101001101000100110100001001100000000100100100100101100010001111000000110101010010111100000000001000111001000000000100000000100010010010010001100110110011010000110110101101101011000000000001111101001101000100110100001
101010000000001000101110101110000000101010001110001010110011000000101000100100000001001100101010100010001110100000110111010101110010010101000000101001010010001000001000100010101000000010000011101010000000001000101110101110000000101010001110001010110011000000101000100100000001001100101010100010001110100000110111010101110010010101000000101001010010001000001000100010101000000010000011
010000000000100010100000001011011001100010001100000011000010100010111100010100101001011100000001001101000110100000001001000010010011010011000001101011010010000010000101111101000000000101110011010000000000100010100000001011011001100010001100000011000010100010111100010100101001011100000001001101000110100000001001000010010011010011000001101011010010000010000101111101000000000101110011

X checks
111111111111111100000000000000000000000000000000000000000000000000000000000000000000000000000000000000000000000000000000000000000000000000000000000000000000000000000000000000000000000000000000000000000000000000000000000000000000000000000000000000000000000000000000000000000000000000000000000000000000000000000000000000000000000000000000000000000000000000000000000000000000000000000000
000000000000000011111111111111110000000000000000000000000000000000000000000000000000000000000000000000000000000000000000000000000000000000000000000000000000000000000000000000000000000000000000000000000000000000000000000000000000000000000000000000000000000000000000000000000000000000000000000000000000000000000000000000000000000000000000000000000000000000000000000000000000000000000000
000000000000000000000000000000001111111111111111000000000000000000000000000000000000000000000000000000000000000000000000000000000000000000000000000000000000000000000000000000000000000000000000000000000000000000000000000000000000000000000000000000000000000000000000000000000000000000000000000000000000000000000000000000000000000000000000000000000000000000000000000000000000000000000000
000000000000000000000000000000000000000000000000111111111111111100000000000000000000000000000000000000000000000000000000000000000000000000000000000000000000000000000000000000000000000000000000000000000000000000000000000000000000000000000000000000000000000000000000000000000000000000000000000000000000000000000000000000000000000000000000000000000000000000000000000000000000000000000000
000000000000000000000000000000000000000000000000000000000000000011111111111111110000000000000000000000000000000000000000000000000000000000000000000000000000000000000000000000000000000000000000000000000000000000000000000000000000000000000000000000000000000000000000000000000000000000000000000000000000000000000000000000000000000000000000000000000000000000000000000000000000000000000000
000000000000000000000000000000000000000000000000000000000000000000000000000000001111111111111111000000000000000000000000000000000000000000000000000000000000000000000000000000000000000000000000000000000000000000000000000000000000000000000000000000000000000000000000000000000000000000000000000000000000000000000000000000000000000000000000000000000000000000000000000000000000000000000000
000000000000000000000000000000000000000000000000000000000000000000000000000000000000000000000000111111111111111100000000000000000000000000000000000000000000000000000000000000000000000000000000000000000000000000000000000000000000000000000000000000000000000000000000000000000000000000000000000000000000000000000000000000000000000000000000000000000000000000000000000000000000000000000000
000000000000000000000000000000000000000000000000000000000000000000000000000000000000000000000000000000000000000011111111111111110000000000000000000000000000000000000000000000000000000000000000000000000000000000000000000000000000000000000000000000000000000000000000000000000000000000000000000000000000000000000000000000000000000000000000000000000000000000000000000000000000000000000000
000000000000000000000000000000000000000000000000000000000000000000000000000000000000000000000000000000000000000000000000000000001111111111111111000000000000000000000000000000000000000000000000000000000000000000000000000000000000000000000000000000000000000000000000000000000000000000000000000000000000000000000000000000000000000000000000000000000000000000000000000000000000000000000000
000000000000000000000000000000000000000000000000000000000000000000000000000000000000000000000000000000000000000000000000000000000000000000000000111111111111111100000000000000000000000000000000000000000000000000000000000000000000000000000000000000000000000000000000000000000000000000000000000000000000000000000000000000000000000000000000000000000000000000000000000000000000000000000000
000000000000000000000000000000000000000000000000000000000000000000000000000000000000000000000000000000000000000000000000000000000000000000000000000000000000000011111111111111110000000000000000000000000000000000000000000000000000000000000000000000000000000000000000000000000000000000000000000000000000000000000000000000000000000000000000000000000000000000000000000000000000000000000000
000000000000000000000000000000000000000000000000000000000000000000000000000000000000000000000000000000000000000000000000000000000000000000000000000000000000000000000000000000001111111111111111000000000000000000000000000000000000000000000000000000000000000000000000000000000000000000000000000000000000000000000000000000000000000000000000000000000000000000000000000000000000000000000000
000000000000000000000000000000000000000000000000000000000000000000000000000000000000000000000000000000000000000000000000000000000000000000000000000000000000000000000000000000000000000000000000111111111111111100000000000000000000000000000000000000000000000000000000000000000000000000000000000000000000000000000000000000000000000000000000000000000000000000000000000000000000000000000000
000000000000000000000000000000000000000000000000000000000000000000000000000000000000000000000000000000000000000000000000000000000000000000000000000000000000000000000000000000000000000000000000000000000000000011111111111111110000000000000000000000000000000000000000000000000000000000000000000000000000000000000000000000000000000000000000000000000000000000000000000000000000000000000000
000000000000000000000000000000000000000000000000000000000000000000000000000000000000000000000000000000000000000000000000000000000000000000000000000000000000000000000000000000000000000000000000000000000000000000000000000000001111111111111111000000000000000000000000000000000000000000000000000000000000000000000000000000000000000000000000000000000000000000000000000000000000000000000000
000000000000000000000000000000000000000000000000000000000000000000000000000000000000000000000000000000000000000000000000000000000000000000000000000000000000000000000000000000000000000000000000000000000000000000000000000000000000000000000000111111111111111100000000000000000000000000000000000000000000000000000000000000000000000000000000000000000000000000000000000000000000000000000000
000000000000000000000000000000000000000000000000000000000000000000000000000000000000000000000000000000000000000000000000000000000000000000000000000000000000000000000000000000000000000000000000000000000000000000000000000000000000000000000000000000000000000011111111111111110000000000000000000000000000000000000000000000000000000000000000000000000000000000000000000000000000000000000000
000000000000000000000000000000000000000000000000000000000000000000000000000000000000000000000000000000000000000000000000000000000000000000000000000000000000000000000000000000000000000000000000000000000000000000000000000000000000000000000000000000000000000000000000000000001111111111111111000000000000000000000000000000000000000000000000000000000000000000000000000000000000000000000000
000000000000000000000000000000000000000000000000000000000000000000000000000000000000000000000000000000000000000000000000000000000000000000000000000000000000000000000000000000000000000000000000000000000000000000000000000000000000000000000000000000000000000000000000000000000000000000000000111111111111111100000000000000000000000000000000000000000000000000000000000000000000000000000000
000000000000000000000000000000000000000000000000000000000000000000000000000000000000000000000000000000000000000000000000000000000000000000000000000000000000000000000000000000000000000000000000000000000000000000000000000000000000000000000000000000000000000000000000000000000000000000000000000000000000000011111111111111110000000000000000000000000000000000000000000000000000000000000000
000000000000000000000000000000000000000000000000000000000000000000000000000000000000000000000000000000000000000000000000000000000000000000000000000000000000000000000000000000000000000000000000000000000000000000000000000000000000000000000000000000000000000000000000000000000000000000000000000000000000000000000000000000001111111111111111000000000000000000000000000000000000000000000000
000000000000000000000000000000000000000000000000000000000000000000000000000000000000000000000000000000000000000000000000000000000000000000000000000000000000000000000000000000000000000000000000000000000000000000000000000000000000000000000000000000000000000000000000000000000000000000000000000000000000000000000000000000000000000000000000111111111111111100000000000000000000000000000000
000000000000000000000000000000000000000000000000000000000000000000000000000000000000000000000000000000000000000000000000000000000000000000000000000000000000000000000000000000000000000000000000000000000000000000000000000000000000000000000000000000000000000000000000000000000000000000000000000000000000000000000000000000000000000000000000000000000000000011111111111111110000000000000000
000000000000000000000000000000000000000000000000000000000000000000000000000000000000000000000000000000000000000000000000000000000000000000000000000000000000000000000000000000000000000000000000000000000000000000000000000000000000000000000000000000000000000000000000000000000000000000000000000000000000000000000000000000000000000000000000000000000000000000000000000000001111111111111111
110110100100110011011010010011001101101001001100110110100100110011011010010011001101101001001100110110100100110011011010010011001101101001001100110110100100110011011010010011001101101001001100000000000000000000000000000000000000000000000000000000000000000000000000000000000000000000000000000000000000000000000000000000000000000000000000000000000000000000000000000000000000000000000000
101001011100110010100101110011001010010111001100101001011100110010100101110011001010010111001100101001011100110010100101110011001010010111001100101001011100110010100101110011001010010111001100000000000000000000000000000000000000000000000000000000000000000000000000000000000000000000000000000000000000000000000000000000000000000000000000000000000000000000000000000000000000000000000000
100101101010101010010110101010101001011010101010100101101010101010010110101010101001011010101010100101101010101010010110101010101001011010101010100101101010101010010110101010101001011010101010000000000000000000000000000000000000000000000000000000000000000000000000000000000000000000000000000000000000000000000000000000000000000000000000000000000000000000000000000000000000000000000000
100010111001011010001011100101101000101110010110100010111001011010001011100101101000101110010110100010111001011010001011100101101000101110010110100010111001011010001011100101101000101110010110000000000000000000000000000000000000000000000000000000000000000000000000000000000000000000000000000000000000000000000000000000000000000000000000000000000000000000000000000000000000000000000000
000000000000000000000000000000000000000000000000000000000000000000000000000000000000000000000000000000000000000000000000000000000000000000000000000000000000000000000000000000000000000000000000110110100100110011011010010011001101101001001100110110100100110011011010010011001101101001001100110110100100110011011010010011001101101001001100110110100100110011011010010011001101101001001100
000000000000000000000000000000000000000000000000000000000000000000000000000000000000000000000000000000000000000000000000000000000000000000000000000000000000000000000000000000000000000000000000101001011100110010100101110011001010010111001100101001011100110010100101110011001010010111001100101001011100110010100101110011001010010111001100101001011100110010100101110011001010010111001100
000000000000000000000000000000000000000000000000000000000000000000000000000000000000000000000000000000000000000000000000000000000000000000000000000000000000000000000000000000000000000000000000100101101010101010010110101010101001011010101010100101101010101010010110101010101001011010101010100101101010101010010110101010101001011010101010100101101010101010010110101010101001011010101010
000000000000000000000000000000000000000000000000000000000000000000000000000000000000000000000000000000000000000000000000000000000000000000000000000000000000000000000000000000000000000000000000100010111001011010001011100101101000101110010110100010111001011010001011100101101000101110010110100010111001011010001011100101101000101110010110100010111001011010001011100101101000101110010110
000000100010100100011111001011110001100010000100011011000101110000000101100110100001011111000000011100000111110001000011111100010100010010110100010001001100101001010101100011100101001000100101000000100010100100011111001011110001100010000100011011000101110000000101100110100001011111000000011100000111110001000011111100010100010010110100010001001100101001010101100011100101001000100101
000001111000101001110100101110000111111010110100001100111011000101100100000100000000001010000011010110111110000001011010100111000100000000110001000011010100011000101011000110110100010101110101000001111000101001110100101110000111111010110100001100111011000101100100000100000000001010000011010110111110000001011010100111000100000000110001000011010100011000101011000110110100010101110101
000000111010010100000100001001100000110000110000001111110101010101100100000100000101011101100001001110110000100000101100010000000111001011111100011000110110000001000111001110100100010100100101000000111010010100000100001001100000110000110000001111110101010101100100000100000101011101100001001110110000100000101100010000000111001011111100011000110110000001000111001110100100010100100101
000000100100001101110010101000110010101000111110000001111101010101000100100010110101011011000110001000111100100001100100010000000011001010010001000011001010000001000010100011100000101000010010000000100100001101110010101000110010101000111110000001111101010101000100100010110101011011000110001000111100100001100100010000000011001010010001000011001010000001000010100011100000101000010010
000000001110001000110010101001110000100010010111011100010101110001111001110111000101010110100110000011011110000001010011110011000011000001100000010010011110110000011010001111100100110011111101000000001110001000110010101001110000100010010111011100010101110001111001110111000101010110100110000011011110000001010011110011000011000001100000010010011110110000011010001111100100110011111101
000000010111001100110101100010000011100000011010001011101010110000001000100110000100110111000000001000100011110001101101000111110000011100110100001001111110111000011010101011010000010101000100000000010111001100110101100010000011100000011010001011101010110000001000100110000100110111000000001000100011110001101101000111110000011100110100001001111110111000011010101011010000010101000100
000001100101000000011010001111010011000010110010011110001001111101110000010101000100010010000010000111001000000001101111101111100111001110111100010010000100111000011011101100100100000111011110000001100101000000011010001111010011000010110010011110001001111101110000010101000100010010000010000111001000000001101111101111100111001110111100010010000100111000011011101100100100000111011110
000000110001001000011000001101010011111010100010000010101001000000011001010111100101001100000110000001110010000000001110000111000110111110010101010010000100111000001100001111000100100101101011000000110001001000011000001101010011111010100010000010101001000000011001010111100101001100000110000001110010000000001110000111000110111110010101010010000100111000001100001111000100100101101011
000000111010100101100000000111100110101000110110001101010101110001000001010000100101010001000110010101000000010000010101101101100101011011010100011011101110111100010111001111110100100110111001000000111010100101100000000111100110101000110110001101010101110001000001010000100101010001000110010101000000010000010101101101100101011011010100011011101110111100010111001111110100100110111001
000000011011101001000011100000110001101010011000001111101101100100010101010100100101000010000111011110101011000001010110010100000110001000011010011011101110110001000001001000010100011110000001000000011011101001000011100000110001101010011000001111101101100100010101010100100101000010000111011110101011000001010110010100000110001000011010011011101110110001000001001000010100011110000001
000000001111100100111111001101100111101000000100011001110100010101111101000011000101011001000100011110001111010101010001101100110010011110101100010010101000000000001111000011000100111100010110000000001111100100111111001101100111101000000100011001110100010101111101000011000101011001000100011110001111010101010001101100110010011110101100010010101000000000001111000011000100111100010110
000001111110001100011100100111010101001011110100011001011111110001101101100100100100001000000011001001001110010000110100010000000000010110111000011010001110101001011111100001110000010000000001000001111110001100011100100111010101001011110100011001011111110001101101100100100100001000000011001001001110010000110100010000000000010110111000011010001110101001011111100001110000010000000001
000001101101101100111011000100110000000000110000011100000111110000001100011110000000000010000001000000111111110000010101101010000011011000010100011011000000101001000011100100100000110010101001000001101101101100111011000100110000000000110000011100000111110000001100011110000000000010000001000000111111110000010101101010000011011000010100011011000000101001000011100100100000110010101001
000001101000100000001101001001100100101000001110001101010100010000100000010100100101001000000010010101101011010000000111110111000110011011101101011001000010011000011111001000110110011101000011000001101000100000001101001001100100101000001110001101010100010000100000010100100101001000000010010101101011010000000111110111000110011011101101011001000010011000011111001000110110011101000011
000001000111000001001010001011110110010010011000011101110011000000110100010111100110000110100010000001110000010001011010011010100001010101001100010000001010100000011111000011100000010100000000000001000111000001001010001011110110010010011000011101110011000000110100010111100110000110100010000001110000010001011010011010100001010101001100010000001010100000011111000011100000010100000000
000001111100100001100101000110110010100100101010011100010010000100000101100001000001000011100101011001111100100000100000001101110011011011110000011000101010111001001001000101100000011010101010000001111100100001100101000110110010100100101010011100010010000100000101100001000001000011100101011001111100100000100000001101110011011011110000011000101010111001001001000101100000011010101010
000001011000101100111010000000000100101000001000000010010101000001000001010111000001010110110011011111100101000001001001110001000110010101000100001010100000001001001110001110010000001110110001000001011000101100111010000000000100101000001000000010010101000001000001010111000001010110110011011111100101000001001001110001000110010101000100001010100000001001001110001110010000001110110001
000001000000001000000100011100000100110010000000011110110001100000110100010110000100000110000010001000000011010000101011100101100111010111010101000001011110001000000111001100010100001111011010000001000000001000000100011100000100110010000000011110110001100000110100010110000100000110000010001000000011010000101011100101100111010111010101000001011110001000000111001100010100001111011010
000000110100100001110010101100010001101000001000010111000011000001101101010001100100000100000000001001001101111000111111100101010001000000100101000011101010001001011101000010000000101010101001000000110100100001110010101100010001101000001000010111000011000001101101010001100100000100000000001001001101111000111111100101010001000000100101000011101010001001011101000010000000101010101001
000000011000101000110110001101010000111000000100000001110101100000000000110101000101001000000001000110110111100001011111010000010001010000100100011010001111001001010011001001110000000001011010000000011000101000110110001101010000111000000100000001110101100000000000110101000101001000000001000110110111100001011111010000010001010000100100011010001111001001010011001001110000000001011010
000001110100001100101110001011010100000000001110010110000011100001110010100101100101010010000000011100111001100000001111110111100101000101010001010010111100000001011010000000000100100100110010000001110100001100101110001011010100000000001110010110000011100001110010100101100101010010000000011100111001100000001111110111100101000101010001010010111100000001011010000000000100100100110010
000001001000100100100100101100010001111000000110011010010111100000000001000111000100000000100000000100010010010001001100110110010110000110110101011101011000000000001111101001100100100110100001000001001000100100100100101100010001111000000110011010010111100000000001000111000100000000100000000100010010010001001100110110010110000110110101011101011000000000001111101001100100100110100001
000000010000001000101110101110000000101010001110001010110011000000101000100100000001001100101010010010001110100000110111010101110010010101000000011001010010001000001000100010100100000010000011000000010000001000101110101110000000101010001110001010110011000000101000100100000001001100101010010010001110100000110111010101110010010101000000011001010010001000001000100010100100000010000011
000000001000100001100000001011010101100010001100000011000010100001111100010100100101011100000001001101000110100000001001000010010011010011000001011011010010000001000101111101000000000101110011000000001000100001100000001011010101100010001100000011000010100001111100010100100101011100000001001101000110100000001001000010010011010011000001011011010010000001000101111101000000000101110011

