Z checks
111111111111111111111111000000000000000000000000000000000000000000000000000000000000000000000000000000000000000000000000000000000000000000000000000000000000000000000000000000000000000000000000000000000000000000000000000000000000000000000000000000000000000000000000000000000000000000000000000000000000000000000000000000000000000000000000000000000000000000000000000000000000000000000000
000000000000000000000000111111111111111111111111000000000000000000000000000000000000000000000000000000000000000000000000000000000000000000000000000000000000000000000000000000000000000000000000000000000000000000000000000000000000000000000000000000000000000000000000000000000000000000000000000000000000000000000000000000000000000000000000000000000000000000000000000000000000000000000000
000000000000000000000000000000000000000000000000111111111111111111111111000000000000000000000000000000000000000000000000000000000000000000000000000000000000000000000000000000000000000000000000000000000000000000000000000000000000000000000000000000000000000000000000000000000000000000000000000000000000000000000000000000000000000000000000000000000000000000000000000000000000000000000000
000000000000000000000000000000000000000000000000000000000000000000000000111111111111111111111111000000000000000000000000000000000000000000000000000000000000000000000000000000000000000000000000000000000000000000000000000000000000000000000000000000000000000000000000000000000000000000000000000000000000000000000000000000000000000000000000000000000000000000000000000000000000000000000000
000000000000000000000000000000000000000000000000000000000000000000000000000000000000000000000000111111111111111111111111000000000000000000000000000000000000000000000000000000000000000000000000000000000000000000000000000000000000000000000000000000000000000000000000000000000000000000000000000000000000000000000000000000000000000000000000000000000000000000000000000000000000000000000000
000000000000000000000000000000000000000000000000000000000000000000000000000000000000000000000000000000000000000000000000111111111111111111111111000000000000000000000000000000000000000000000000000000000000000000000000000000000000000000000000000000000000000000000000000000000000000000000000000000000000000000000000000000000000000000000000000000000000000000000000000000000000000000000000
000000000000000000000000000000000000000000000000000000000000000000000000000000000000000000000000000000000000000000000000000000000000000000000000111111111111111111111111000000000000000000000000000000000000000000000000000000000000000000000000000000000000000000000000000000000000000000000000000000000000000000000000000000000000000000000000000000000000000000000000000000000000000000000000
000000000000000000000000000000000000000000000000000000000000000000000000000000000000000000000000000000000000000000000000000000000000000000000000000000000000000000000000111111111111111111111111000000000000000000000000000000000000000000000000000000000000000000000000000000000000000000000000000000000000000000000000000000000000000000000000000000000000000000000000000000000000000000000000
000000000000000000000000000000000000000000000000000000000000000000000000000000000000000000000000000000000000000000000000000000000000000000000000000000000000000000000000000000000000000000000000111111111111111111111111000000000000000000000000000000000000000000000000000000000000000000000000000000000000000000000000000000000000000000000000000000000000000000000000000000000000000000000000
000000000000000000000000000000000000000000000000000000000000000000000000000000000000000000000000000000000000000000000000000000000000000000000000000000000000000000000000000000000000000000000000000000000000000000000000111111111111111111111111000000000000000000000000000000000000000000000000000000000000000000000000000000000000000000000000000000000000000000000000000000000000000000000000
000000000000000000000000000000000000000000000000000000000000000000000000000000000000000000000000000000000000000000000000000000000000000000000000000000000000000000000000000000000000000000000000000000000000000000000000000000000000000000000000111111111111111111111111000000000000000000000000000000000000000000000000000000000000000000000000000000000000000000000000000000000000000000000000
000000000000000000000000000000000000000000000000000000000000000000000000000000000000000000000000000000000000000000000000000000000000000000000000000000000000000000000000000000000000000000000000000000000000000000000000000000000000000000000000000000000000000000000000111111111111111111111111000000000000000000000000000000000000000000000000000000000000000000000000000000000000000000000000
000000000000000000000000000000000000000000000000000000000000000000000000000000000000000000000000000000000000000000000000000000000000000000000000000000000000000000000000000000000000000000000000000000000000000000000000000000000000000000000000000000000000000000000000000000000000000000000000111111111111111111111111000000000000000000000000000000000000000000000000000000000000000000000000
000000000000000000000000000000000000000000000000000000000000000000000000000000000000000000000000000000000000000000000000000000000000000000000000000000000000000000000000000000000000000000000000000000000000000000000000000000000000000000000000000000000000000000000000000000000000000000000000000000000000000000000000111111111111111111111111000000000000000000000000000000000000000000000000
000000000000000000000000000000000000000000000000000000000000000000000000000000000000000000000000000000000000000000000000000000000000000000000000000000000000000000000000000000000000000000000000000000000000000000000000000000000000000000000000000000000000000000000000000000000000000000000000000000000000000000000000000000000000000000000000111111111111111111111111000000000000000000000000
000000000000000000000000000000000000000000000000000000000000000000000000000000000000000000000000000000000000000000000000000000000000000000000000000000000000000000000000000000000000000000000000000000000000000000000000000000000000000000000000000000000000000000000000000000000000000000000000000000000000000000000000000000000000000000000000000000000000000000000000111111111111111111111111
011111111111000000000001011111111111000000000001011111111111000000000001011111111111000000000001011111111111000000000001011111111111000000000001011111111111000000000001011111111111000000000001000000000000000000000000000000000000000000000000000000000000000000000000000000000000000000000000000000000000000000000000000000000000000000000000000000000000000000000000000000000000000000000000
001100011001110001100100001100011001110001100100001100011001110001100100001100011001110001100100001100011001110001100100001100011001110001100100001100011001110001100100001100011001110001100100000000000000000000000000000000000000000000000000000000000000000000000000000000000000000000000000000000000000000000000000000000000000000000000000000000000000000000000000000000000000000000000000
000100100110010010011011000100100110010010011011000100100110010010011011000100100110010010011011000100100110010010011011000100100110010010011011000100100110010010011011000100100110010010011011000000000000000000000000000000000000000000000000000000000000000000000000000000000000000000000000000000000000000000000000000000000000000000000000000000000000000000000000000000000000000000000000
000010010101001001010111000010010101001001010111000010010101001001010111000010010101001001010111000010010101001001010111000010010101001001010111000010010101001001010111000010010101001001010111000000000000000000000000000000000000000000000000000000000000000000000000000000000000000000000000000000000000000000000000000000000000000000000000000000000000000000000000000000000000000000000000
000001001011000100101111000001001011000100101111000001001011000100101111000001001011000100101111000001001011000100101111000001001011000100101111000001001011000100101111000001001011000100101111000000000000000000000000000000000000000000000000000000000000000000000000000000000000000000000000000000000000000000000000000000000000000000000000000000000000000000000000000000000000000000000000
000000000000000000000000000000000000000000000000000000000000000000000000000000000000000000000000000000000000000000000000000000000000000000000000000000000000000000000000000000000000000000000000011111111111000000000001011111111111000000000001011111111111000000000001011111111111000000000001011111111111000000000001011111111111000000000001011111111111000000000001011111111111000000000001
000000000000000000000000000000000000000000000000000000000000000000000000000000000000000000000000000000000000000000000000000000000000000000000000000000000000000000000000000000000000000000000000001100011001110001100100001100011001110001100100001100011001110001100100001100011001110001100100001100011001110001100100001100011001110001100100001100011001110001100100001100011001110001100100
000000000000000000000000000000000000000000000000000000000000000000000000000000000000000000000000000000000000000000000000000000000000000000000000000000000000000000000000000000000000000000000000000100100110010010011011000100100110010010011011000100100110010010011011000100100110010010011011000100100110010010011011000100100110010010011011000100100110010010011011000100100110010010011011
000000000000000000000000000000000000000000000000000000000000000000000000000000000000000000000000000000000000000000000000000000000000000000000000000000000000000000000000000000000000000000000000000010010101001001010111000010010101001001010111000010010101001001010111000010010101001001010111000010010101001001010111000010010101001001010111000010010101001001010111000010010101001001010111
000000000000000000000000000000000000000000000000000000000000000000000000000000000000000000000000000000000000000000000000000000000000000000000000000000000000000000000000000000000000000000000000000001001011000100101111000001001011000100101111000001001011000100101111000001001011000100101111000001001011000100101111000001001011000100101111000001001011000100101111000001001011000100101111
011100000001101100011010100010000100010001110001000111110000010110100100001100010100010010111100000100100000111000000111100100101101000100000100100100101001000000011100000000011010010000010100011100000001101100011010100010000100010001110001000111110000010110100100001100010100010010111100000100100000111000000111100100101101000100000100100100101001000000011100000000011010010000010100
110000000000101001010000101100100100011100101011000011100011000111001111000100010001110010011101100011110010101010010101001100001101010101001100001100010001101100111011101010000010111001000110110000000000101001010000101100100100011100101011000011100011000111001111000100010001110010011101100011110010101010010101001100001101010101001100001100010001101100111011101010000010111001000110
101000000000101000111111100010111000111000111010000011000010010100101100101000000110011001000001101001010111000101010101100010010101010101000000001000000110001110011000101110010011111000010100101000000000101000111111100010111000111000111010000011000010010100101100101000000110011001000001101001010111000101010101100010010101010101000000001000000110001110011000101110010011111000010100
001110000000000110111101101010111000101100101001100110010011010000001011101000010000101000010110101110100001000011010111001110001100010011100001000101010110101100100100100111111100010011000010001110000000000110111101101010111000101100101001100110010011010000001011101000010000101000010110101110100001000011010111001110001100010011100001000101010110101100100100100111111100010011000010
101110000001000101000111001110001010111101110000100010010011011100100010000110001011100000100010100111010110101000000010100110001000000000001100001101100011000010010101001011100001110111111100101110000001000101000111001110001010111101110000100010010011011100100010000110001011100000100010100111010110101000000010100110001000000000001100001101100011000010010101001011100001110111111100
111110000000100000001111001110011110010010010011000011000000011001011100001100010111101011100001100100110010100001010011000010010000000000101000000000000010010100000100000101001010010110000010111110000000100000001111001110011110010010010011000011000000011001011100001100010111101011100001100100110010100001010011000010010000000000101000000000000010010100000100000101001010010110000010
010000000000001111000001100110101000111110011000001011010010010100101010100100010110000010110000000110010100001011000001001010010100000101010010001110111001100010011100100001100101111111011100010000000000001111000001100110101000111110011000001011010010010100101010100100010110000010110000000110010100001011000001001010010100000101010010001110111001100010011100100001100101111111011100
011100000001100011111011001110001001010111011001000000100001000100000001001101000100100000011010100100100000101011000010101010100100000100100001000101110011100000001101100110111111010101101110011100000001100011111011001110001001010111011001000000100001000100000001001101000100100000011010100100100000101011000010101010100100000100100001000101110011100000001101100110111111010101101110
001110000000001100101010101100010011011011100010100111010010110010101111001100001101110010110000001111000011100010000011000100001000000101100111101011010001001110011001100001011011011111100110001110000000001100101010101100010011011011100010100111010010110010101111001100001101110010110000001111000011100010000011000100001000000101100111101011010001001110011001100001011011011111100110
011110000000000110011101101100011001000000010001000000100001010010000000001100000100000110011111001011100100000001000011101100111001000000001011001001011100010110001100100100110101111000100110011110000000000110011101101100011001000000010001000000100001010010000000001100000100000110011111001011100100000001000011101100111001000000001011001001011100010110001100100100110101111000100110
101110000011000101111001000100100110000010010000101010000010011110100001000000000000000001000001001011000000000000010101001000100101000001000001100000001110100000011001001000101101110101000100101110000011000101111001000100100110000010010000101010000010011110100001000000000000000001000001001011000000000000010101001000100101000001000001100000001110100000011001001000101101110101000100
001100000001101001110011101100011001111000001011101111100000011100000100101000111010001000011111100010010110101010010100000000101010000101000100101101001101101100010100000011101110001101000100001100000001101001110011101100011001111000001011101111100000011100000100101000111010001000011111100010010110101010010100000000101010000101000100101101001101101100010100000011101110001101000100
000110000000100100110101001110010010101000100011101101110101000101000110000000110101011000110000100101100001100001000010100010111101000101000100000001100011100110001000001111010110100000000000000110000000100100110101001110010010101000100011101101110101000101000110000000110101011000110000100101100001100001000010100010111101000101000100000001100011100110001000001111010110100000000000
001110000000101010010100101100000000101000010000101101110000010010001010101100111000010010000110000110111010000011010100000000001001010100001010000111000101010010001000000111000000001001111110001110000000101010010100101100000000101000010000101101110000010010001010101100111000010010000110000110111010000011010100000000001001010100001010000111000101010010001000000111000000001001111110
111110000001000001011010100010000101010101001000101111000001000011100111100100000110000001111000101101100100000001011100101100011100010100100100100100011101110000010001101010111101111000000100111110000001000001011010100010000101010101001000101111000001000011100111100100000110000001111000101101100100000001011100101100011100010100100100100100011101110000010001101010111101111000000100
100100000001101000011010001010000100010001110100101001110011011010101110000000100001111000010101000000010001100010000011101010110100000001000100000000101111110100111100101110111100001100101000100100000001101000011010001010000100010001110100101001110011011010101110000000100001111000010101000000010001100010000011101010110100000001000100000000101111110100111100101110111100001100101000
011010000001001101101010000110011001111000110011000001100011010011001110000100100111001011000110100101110000000010000011000110111100110000000110101110001011111010101001001100110000011101000110011010000001001101101010000110011001111000110011000001100011010011001110000100100111001011000110100101110000000010000011000110111100110000000110101110001011111010101001001100110000011101000110
111100000001001000100100000011101011000101111010001000100001010111000001101000101010001011010111101010000011101010010010001110101101000001101101001011011001010010000101101100000000111111010000111100000001001000100100000011101011000101111010001000100001010111000001101000101010001011010111101010000011101010010010001110101101000001101101001011011001010010000101101100000000111111010000
101010000000001111100101100010000011110111110010001011100010001001100011001000100101110011010100100010010110000001010100100110111001000001001001100011010101010110011001101110011110000010111011101010000000001111100101100010000011110111110010001011100010001001100011001000100101110011010100100010010110000001010100100110111001000001001001100011010101010110011001101110011110000010111011
111000000001101111011100100110110001010101110001100000111011010001100111001100010011111011011101101001100001001001010000100000001100000101100110001100011101001000000001001100100110000101001110111000000001101111011100100110110001010101110001100000111011010001100111001100010011111011011101101001100001001001010000100000001100000101100110001100011101001000000001001100100110000101001110
010110000001100001000000101110100000111010110001001111000011000101100111001000010000101000101101001100010000001001010000000010101101001101001001101010100011000110100100100100000111001111101100010110000001100001000000101110100000111010110001001111000011000101100111001000010000101000101101001100010000001001010000000010101101001101001001101010100011000110100100100100000111001111101100
111000000000000110100011000100101001001010101011101000100010010100100010001000001111110000111110100001110001001011000011000010001100010101000000100001110100100011110000100000010010100011100010111000000000000110100011000100101001001010101011101000100010010100100010001000001111110000111110100001110001001011000011000010001100010101000000100001110100100011110000100000010010100011100010
000000000001000110010011101100101001100110000010000011000001000000000001001100000001111001110100000001110000101011100011000010010101000000101110101010010010011010011101101000010000101100010010000000000001000110010011101100101001100110000010000011000001000000000001001100000001111001110100000001110000101011100011000010010101000000101110101010010010011010011101101000010000101100010010
010010000001001001010101100000000000000000001011101100000001010100001111001100110010011001100111000011000000000010000100100101011000000100101101001110010100101100100100101001100100111000010010010010000001001001010101100000000000000000001011101100000001010100001111001100110010011001100111000011000000000010000100100101011000000100101101001110010100101100100100101001100100111000010010

X checks
111111111111111111111111000000000000000000000000000000000000000000000000000000000000000000000000000000000000000000000000000000000000000000000000000000000000000000000000000000000000000000000000000000000000000000000000000000000000000000000000000000000000000000000000000000000000000000000000000000000000000000000000000000000000000000000000000000000000000000000000000000000000000000000000
000000000000000000000000111111111111111111111111000000000000000000000000000000000000000000000000000000000000000000000000000000000000000000000000000000000000000000000000000000000000000000000000000000000000000000000000000000000000000000000000000000000000000000000000000000000000000000000000000000000000000000000000000000000000000000000000000000000000000000000000000000000000000000000000
000000000000000000000000000000000000000000000000111111111111111111111111000000000000000000000000000000000000000000000000000000000000000000000000000000000000000000000000000000000000000000000000000000000000000000000000000000000000000000000000000000000000000000000000000000000000000000000000000000000000000000000000000000000000000000000000000000000000000000000000000000000000000000000000
000000000000000000000000000000000000000000000000000000000000000000000000111111111111111111111111000000000000000000000000000000000000000000000000000000000000000000000000000000000000000000000000000000000000000000000000000000000000000000000000000000000000000000000000000000000000000000000000000000000000000000000000000000000000000000000000000000000000000000000000000000000000000000000000
000000000000000000000000000000000000000000000000000000000000000000000000000000000000000000000000111111111111111111111111000000000000000000000000000000000000000000000000000000000000000000000000000000000000000000000000000000000000000000000000000000000000000000000000000000000000000000000000000000000000000000000000000000000000000000000000000000000000000000000000000000000000000000000000
000000000000000000000000000000000000000000000000000000000000000000000000000000000000000000000000000000000000000000000000111111111111111111111111000000000000000000000000000000000000000000000000000000000000000000000000000000000000000000000000000000000000000000000000000000000000000000000000000000000000000000000000000000000000000000000000000000000000000000000000000000000000000000000000
000000000000000000000000000000000000000000000000000000000000000000000000000000000000000000000000000000000000000000000000000000000000000000000000111111111111111111111111000000000000000000000000000000000000000000000000000000000000000000000000000000000000000000000000000000000000000000000000000000000000000000000000000000000000000000000000000000000000000000000000000000000000000000000000
000000000000000000000000000000000000000000000000000000000000000000000000000000000000000000000000000000000000000000000000000000000000000000000000000000000000000000000000111111111111111111111111000000000000000000000000000000000000000000000000000000000000000000000000000000000000000000000000000000000000000000000000000000000000000000000000000000000000000000000000000000000000000000000000
000000000000000000000000000000000000000000000000000000000000000000000000000000000000000000000000000000000000000000000000000000000000000000000000000000000000000000000000000000000000000000000000111111111111111111111111000000000000000000000000000000000000000000000000000000000000000000000000000000000000000000000000000000000000000000000000000000000000000000000000000000000000000000000000
000000000000000000000000000000000000000000000000000000000000000000000000000000000000000000000000000000000000000000000000000000000000000000000000000000000000000000000000000000000000000000000000000000000000000000000000111111111111111111111111000000000000000000000000000000000000000000000000000000000000000000000000000000000000000000000000000000000000000000000000000000000000000000000000
000000000000000000000000000000000000000000000000000000000000000000000000000000000000000000000000000000000000000000000000000000000000000000000000000000000000000000000000000000000000000000000000000000000000000000000000000000000000000000000000111111111111111111111111000000000000000000000000000000000000000000000000000000000000000000000000000000000000000000000000000000000000000000000000
000000000000000000000000000000000000000000000000000000000000000000000000000000000000000000000000000000000000000000000000000000000000000000000000000000000000000000000000000000000000000000000000000000000000000000000000000000000000000000000000000000000000000000000000111111111111111111111111000000000000000000000000000000000000000000000000000000000000000000000000000000000000000000000000
000000000000000000000000000000000000000000000000000000000000000000000000000000000000000000000000000000000000000000000000000000000000000000000000000000000000000000000000000000000000000000000000000000000000000000000000000000000000000000000000000000000000000000000000000000000000000000000000111111111111111111111111000000000000000000000000000000000000000000000000000000000000000000000000
000000000000000000000000000000000000000000000000000000000000000000000000000000000000000000000000000000000000000000000000000000000000000000000000000000000000000000000000000000000000000000000000000000000000000000000000000000000000000000000000000000000000000000000000000000000000000000000000000000000000000000000000111111111111111111111111000000000000000000000000000000000000000000000000
000000000000000000000000000000000000000000000000000000000000000000000000000000000000000000000000000000000000000000000000000000000000000000000000000000000000000000000000000000000000000000000000000000000000000000000000000000000000000000000000000000000000000000000000000000000000000000000000000000000000000000000000000000000000000000000000111111111111111111111111000000000000000000000000
000000000000000000000000000000000000000000000000000000000000000000000000000000000000000000000000000000000000000000000000000000000000000000000000000000000000000000000000000000000000000000000000000000000000000000000000000000000000000000000000000000000000000000000000000000000000000000000000000000000000000000000000000000000000000000000000000000000000000000000000111111111111111111111111
111111111111000000000000111111111111000000000000111111111111000000000000111111111111000000000000111111111111000000000000111111111111000000000000111111111111000000000000111111111111000000000000000000000000000000000000000000000000000000000000000000000000000000000000000000000000000000000000000000000000000000000000000000000000000000000000000000000000000000000000000000000000000000000000
001100011001110001100100001100011001110001100100001100011001110001100100001100011001110001100100001100011001110001100100001100011001110001100100001100011001110001100100001100011001110001100100000000000000000000000000000000000000000000000000000000000000000000000000000000000000000000000000000000000000000000000000000000000000000000000000000000000000000000000000000000000000000000000000
100100100110010010011010100100100110010010011010100100100110010010011010100100100110010010011010100100100110010010011010100100100110010010011010100100100110010010011010100100100110010010011010000000000000000000000000000000000000000000000000000000000000000000000000000000000000000000000000000000000000000000000000000000000000000000000000000000000000000000000000000000000000000000000000
100010010101001001010110100010010101001001010110100010010101001001010110100010010101001001010110100010010101001001010110100010010101001001010110100010010101001001010110100010010101001001010110000000000000000000000000000000000000000000000000000000000000000000000000000000000000000000000000000000000000000000000000000000000000000000000000000000000000000000000000000000000000000000000000
100001001011000100101110100001001011000100101110100001001011000100101110100001001011000100101110100001001011000100101110100001001011000100101110100001001011000100101110100001001011000100101110000000000000000000000000000000000000000000000000000000000000000000000000000000000000000000000000000000000000000000000000000000000000000000000000000000000000000000000000000000000000000000000000
000000000000000000000000000000000000000000000000000000000000000000000000000000000000000000000000000000000000000000000000000000000000000000000000000000000000000000000000000000000000000000000000111111111111000000000000111111111111000000000000111111111111000000000000111111111111000000000000111111111111000000000000111111111111000000000000111111111111000000000000111111111111000000000000
000000000000000000000000000000000000000000000000000000000000000000000000000000000000000000000000000000000000000000000000000000000000000000000000000000000000000000000000000000000000000000000000001100011001110001100100001100011001110001100100001100011001110001100100001100011001110001100100001100011001110001100100001100011001110001100100001100011001110001100100001100011001110001100100
000000000000000000000000000000000000000000000000000000000000000000000000000000000000000000000000000000000000000000000000000000000000000000000000000000000000000000000000000000000000000000000000100100100110010010011010100100100110010010011010100100100110010010011010100100100110010010011010100100100110010010011010100100100110010010011010100100100110010010011010100100100110010010011010
000000000000000000000000000000000000000000000000000000000000000000000000000000000000000000000000000000000000000000000000000000000000000000000000000000000000000000000000000000000000000000000000100010010101001001010110100010010101001001010110100010010101001001010110100010010101001001010110100010010101001001010110100010010101001001010110100010010101001001010110100010010101001001010110
000000000000000000000000000000000000000000000000000000000000000000000000000000000000000000000000000000000000000000000000000000000000000000000000000000000000000000000000000000000000000000000000100001001011000100101110100001001011000100101110100001001011000100101110100001001011000100101110100001001011000100101110100001001011000100101110100001001011000100101110100001001011000100101110
000000111001011100011010010010000100010001110001000111110000010110100100001100010100010010111100000100100000111000000111010100101101000100000100010100101001000000011100000000011010010000010100000000111001011100011010010010000100010001110001000111110000010110100100001100010100010010111100000100100000111000000111010100101101000100000100010100101001000000011100000000011010010000010100
000001110000001001010000011100100100011100101011000011100011000111001111000100010001110010011101010011110010101010010101001100001101010101001100001100010001101100111011011010000010111001000110000001110000001001010000011100100100011100101011000011100011000111001111000100010001110010011101010011110010101010010101001100001101010101001100001100010001101100111011011010000010111001000110
000000111000001000111111010010111000111000111010000011000010010100101100011000000110011001000001011001010111000101010101010010010101010101000000001000000110001110011000011110010011111000010100000000111000001000111111010010111000111000111010000011000010010100101100011000000110011001000001011001010111000101010101010010010101010101000000001000000110001110011000011110010011111000010100
000001101100010110111101011010111000101100101001010110010011010000001011011000010000101000010110011110100001000011010111001110001100010011100001000101010110101100100100010111111100010011000010000001101100010110111101011010111000101100101001010110010011010000001011011000010000101000010110011110100001000011010111001110001100010011100001000101010110101100100100010111111100010011000010
000001111001000101000111001110001010111101110000010010010011011100100010000110001011100000100010010111010110101000000010010110001000000000001100001101100011000010010101001011100001110111111100000001111001000101000111001110001010111101110000010010010011011100100010000110001011100000100010010111010110101000000010010110001000000000001100001101100011000010010101001011100001110111111100
000001011000010000001111001110011110010010010011000011000000011001011100001100010111101011100001010100110010100001010011000010010000000000101000000000000010010100000100000101001010010110000010000001011000010000001111001110011110010010010011000011000000011001011100001100010111101011100001010100110010100001010011000010010000000000101000000000000010010100000100000101001010010110000010
000000111000001111000001010110101000111110011000001011010010010100101010010100010110000010110000000110010100001011000001001010010100000101010010001110111001100010011100010001100101111111011100000000111000001111000001010110101000111110011000001011010010010100101010010100010110000010110000000110010100001011000001001010010100000101010010001110111001100010011100010001100101111111011100
000000010101000011111011001110001001010111011001000000100001000100000001001101000100100000011010010100100000101011000010011010100100000100100001000101110011100000001101010110111111010101101110000000010101000011111011001110001001010111011001000000100001000100000001001101000100100000011010010100100000101011000010011010100100000100100001000101110011100000001101010110111111010101101110
000000000100001100101010011100010011011011100010010111010010110010101111001100001101110010110000001111000011100010000011000100001000000101100111011011010001001110011001010001011011011111100110000000000100001100101010011100010011011011100010010111010010110010101111001100001101110010110000001111000011100010000011000100001000000101100111011011010001001110011001010001011011011111100110
000000010000010110011101011100011001000000010001000000100001010010000000001100000100000110011111001011100100000001000011011100111001000000001011001001011100010110001100010100110101111000100110000000010000010110011101011100011001000000010001000000100001010010000000001100000100000110011111001011100100000001000011011100111001000000001011001001011100010110001100010100110101111000100110
000000111111000101111001000100100110000010010000011010000010011110100001000000000000000001000001001011000000000000010101001000100101000001000001010000001110100000011001001000101101110101000100000000111111000101111001000100100110000010010000011010000010011110100001000000000000000001000001001011000000000000010101001000100101000001000001010000001110100000011001001000101101110101000100
000001101001001001110011011100011001111000001011011111100000011100000100011000111010001000011111010010010110101010010100000000101010000101000100011101001101101100010100000011101110001101000100000001101001001001110011011100011001111000001011011111100000011100000100011000111010001000011111010010010110101010010100000000101010000101000100011101001101101100010100000011101110001101000100
000000101000010100110101001110010010101000100011011101110101000101000110000000110101011000110000010101100001100001000010010010111101000101000100000001100011100110001000001111010110100000000000000000101000010100110101001110010010101000100011011101110101000101000110000000110101011000110000010101100001100001000010010010111101000101000100000001100011100110001000001111010110100000000000
000000011100011010010100011100000000101000010000011101110000010010001010011100111000010010000110000110111010000011010100000000001001010100001010000111000101010010001000000111000000001001111110000000011100011010010100011100000000101000010000011101110000010010001010011100111000010010000110000110111010000011010100000000001001010100001010000111000101010010001000000111000000001001111110
000000000101000001011010010010000101010101001000011111000001000011100111010100000110000001111000011101100100000001011100011100011100010100100100010100011101110000010001011010111101111000000100000000000101000001011010010010000101010101001000011111000001000011100111010100000110000001111000011101100100000001011100011100011100010100100100010100011101110000010001011010111101111000000100
000001001001011000011010001010000100010001110100011001110011011010101110000000100001111000010101000000010001100010000011011010110100000001000100000000101111110100111100011110111100001100101000000001001001011000011010001010000100010001110100011001110011011010101110000000100001111000010101000000010001100010000011011010110100000001000100000000101111110100111100011110111100001100101000
000000111101011101101010000110011001111000110011000001100011010011001110000100100111001011000110010101110000000010000011000110111100110000000110011110001011111010101001001100110000011101000110000000111101011101101010000110011001111000110011000001100011010011001110000100100111001011000110010101110000000010000011000110111100110000000110011110001011111010101001001100110000011101000110
000001011101001000100100000011101011000101111010001000100001010111000001011000101010001011010111011010000011101010010010001110101101000001101101001011011001010010000101011100000000111111010000000001011101001000100100000011101011000101111010001000100001010111000001011000101010001011010111011010000011101010010010001110101101000001101101001011011001010010000101011100000000111111010000
000000111100011111100101010010000011110111110010001011100010001001100011001000100101110011010100010010010110000001010100010110111001000001001001010011010101010110011001011110011110000010111011000000111100011111100101010010000011110111110010001011100010001001100011001000100101110011010100010010010110000001010100010110111001000001001001010011010101010110011001011110011110000010111011
000000101101011111011100010110110001010101110001010000111011010001100111001100010011111011011101011001100001001001010000010000001100000101100110001100011101001000000001001100100110000101001110000000101101011111011100010110110001010101110001010000111011010001100111001100010011111011011101011001100001001001010000010000001100000101100110001100011101001000000001001100100110000101001110
000001010101010001000000011110100000111010110001001111000011000101100111001000010000101000101101001100010000001001010000000010101101001101001001011010100011000110100100010100000111001111101100000001010101010001000000011110100000111010110001001111000011000101100111001000010000101000101101001100010000001001010000000010101101001101001001011010100011000110100100010100000111001111101100
000001011100010110100011000100101001001010101011011000100010010100100010001000001111110000111110010001110001001011000011000010001100010101000000010001110100100011110000010000010010100011100010000001011100010110100011000100101001001010101011011000100010010100100010001000001111110000111110010001110001001011000011000010001100010101000000010001110100100011110000010000010010100011100010
000001000101000110010011011100101001100110000010000011000001000000000001001100000001111001110100000001110000101011100011000010010101000000101110011010010010011010011101011000010000101100010010000001000101000110010011011100101001100110000010000011000001000000000001001100000001111001110100000001110000101011100011000010010101000000101110011010010010011010011101011000010000101100010010
000000001001011001010101010000000000000000001011011100000001010100001111001100110010011001100111000011000000000010000100010101011000000100101101001110010100101100100100011001100100111000010010000000001001011001010101010000000000000000001011011100000001010100001111001100110010011001100111000011000000000010000100010101011000000100101101001110010100101100100100011001100100111000010010

