Z checks
111111111111111111111111000000000000000000000000000000000000000000000000000000000000000000000000000000000000000000000000000000000000000000000000000000000000000000000000000000000000000000000000000000000000000000000000000000000000000000000000000000000000000000000000000000000000000000000000000000000000000000000000000000000000000000000000000000000000000000000000000000000000000000000000000000000000000000000000000000000000000000000000000000000000000000000000000000000000000000000000
000000000000000000000000111111111111111111111111000000000000000000000000000000000000000000000000000000000000000000000000000000000000000000000000000000000000000000000000000000000000000000000000000000000000000000000000000000000000000000000000000000000000000000000000000000000000000000000000000000000000000000000000000000000000000000000000000000000000000000000000000000000000000000000000000000000000000000000000000000000000000000000000000000000000000000000000000000000000000000000000
000000000000000000000000000000000000000000000000111111111111111111111111000000000000000000000000000000000000000000000000000000000000000000000000000000000000000000000000000000000000000000000000000000000000000000000000000000000000000000000000000000000000000000000000000000000000000000000000000000000000000000000000000000000000000000000000000000000000000000000000000000000000000000000000000000000000000000000000000000000000000000000000000000000000000000000000000000000000000000000000
000000000000000000000000000000000000000000000000000000000000000000000000111111111111111111111111000000000000000000000000000000000000000000000000000000000000000000000000000000000000000000000000000000000000000000000000000000000000000000000000000000000000000000000000000000000000000000000000000000000000000000000000000000000000000000000000000000000000000000000000000000000000000000000000000000000000000000000000000000000000000000000000000000000000000000000000000000000000000000000000
000000000000000000000000000000000000000000000000000000000000000000000000000000000000000000000000111111111111111111111111000000000000000000000000000000000000000000000000000000000000000000000000000000000000000000000000000000000000000000000000000000000000000000000000000000000000000000000000000000000000000000000000000000000000000000000000000000000000000000000000000000000000000000000000000000000000000000000000000000000000000000000000000000000000000000000000000000000000000000000000
000000000000000000000000000000000000000000000000000000000000000000000000000000000000000000000000000000000000000000000000111111111111111111111111000000000000000000000000000000000000000000000000000000000000000000000000000000000000000000000000000000000000000000000000000000000000000000000000000000000000000000000000000000000000000000000000000000000000000000000000000000000000000000000000000000000000000000000000000000000000000000000000000000000000000000000000000000000000000000000000
000000000000000000000000000000000000000000000000000000000000000000000000000000000000000000000000000000000000000000000000000000000000000000000000111111111111111111111111000000000000000000000000000000000000000000000000000000000000000000000000000000000000000000000000000000000000000000000000000000000000000000000000000000000000000000000000000000000000000000000000000000000000000000000000000000000000000000000000000000000000000000000000000000000000000000000000000000000000000000000000
000000000000000000000000000000000000000000000000000000000000000000000000000000000000000000000000000000000000000000000000000000000000000000000000000000000000000000000000111111111111111111111111000000000000000000000000000000000000000000000000000000000000000000000000000000000000000000000000000000000000000000000000000000000000000000000000000000000000000000000000000000000000000000000000000000000000000000000000000000000000000000000000000000000000000000000000000000000000000000000000
000000000000000000000000000000000000000000000000000000000000000000000000000000000000000000000000000000000000000000000000000000000000000000000000000000000000000000000000000000000000000000000000111111111111111111111111000000000000000000000000000000000000000000000000000000000000000000000000000000000000000000000000000000000000000000000000000000000000000000000000000000000000000000000000000000000000000000000000000000000000000000000000000000000000000000000000000000000000000000000000
000000000000000000000000000000000000000000000000000000000000000000000000000000000000000000000000000000000000000000000000000000000000000000000000000000000000000000000000000000000000000000000000000000000000000000000000111111111111111111111111000000000000000000000000000000000000000000000000000000000000000000000000000000000000000000000000000000000000000000000000000000000000000000000000000000000000000000000000000000000000000000000000000000000000000000000000000000000000000000000000
000000000000000000000000000000000000000000000000000000000000000000000000000000000000000000000000000000000000000000000000000000000000000000000000000000000000000000000000000000000000000000000000000000000000000000000000000000000000000000000000111111111111111111111111000000000000000000000000000000000000000000000000000000000000000000000000000000000000000000000000000000000000000000000000000000000000000000000000000000000000000000000000000000000000000000000000000000000000000000000000
000000000000000000000000000000000000000000000000000000000000000000000000000000000000000000000000000000000000000000000000000000000000000000000000000000000000000000000000000000000000000000000000000000000000000000000000000000000000000000000000000000000000000000000000111111111111111111111111000000000000000000000000000000000000000000000000000000000000000000000000000000000000000000000000000000000000000000000000000000000000000000000000000000000000000000000000000000000000000000000000
000000000000000000000000000000000000000000000000000000000000000000000000000000000000000000000000000000000000000000000000000000000000000000000000000000000000000000000000000000000000000000000000000000000000000000000000000000000000000000000000000000000000000000000000000000000000000000000000111111111111111111111111000000000000000000000000000000000000000000000000000000000000000000000000000000000000000000000000000000000000000000000000000000000000000000000000000000000000000000000000
000000000000000000000000000000000000000000000000000000000000000000000000000000000000000000000000000000000000000000000000000000000000000000000000000000000000000000000000000000000000000000000000000000000000000000000000000000000000000000000000000000000000000000000000000000000000000000000000000000000000000000000000111111111111111111111111000000000000000000000000000000000000000000000000000000000000000000000000000000000000000000000000000000000000000000000000000000000000000000000000
000000000000000000000000000000000000000000000000000000000000000000000000000000000000000000000000000000000000000000000000000000000000000000000000000000000000000000000000000000000000000000000000000000000000000000000000000000000000000000000000000000000000000000000000000000000000000000000000000000000000000000000000000000000000000000000000111111111111111111111111000000000000000000000000000000000000000000000000000000000000000000000000000000000000000000000000000000000000000000000000
000000000000000000000000000000000000000000000000000000000000000000000000000000000000000000000000000000000000000000000000000000000000000000000000000000000000000000000000000000000000000000000000000000000000000000000000000000000000000000000000000000000000000000000000000000000000000000000000000000000000000000000000000000000000000000000000000000000000000000000000111111111111111111111111000000000000000000000000000000000000000000000000000000000000000000000000000000000000000000000000
000000000000000000000000000000000000000000000000000000000000000000000000000000000000000000000000000000000000000000000000000000000000000000000000000000000000000000000000000000000000000000000000000000000000000000000000000000000000000000000000000000000000000000000000000000000000000000000000000000000000000000000000000000000000000000000000000000000000000000000000000000000000000000000000111111111111111111111111000000000000000000000000000000000000000000000000000000000000000000000000
000000000000000000000000000000000000000000000000000000000000000000000000000000000000000000000000000000000000000000000000000000000000000000000000000000000000000000000000000000000000000000000000000000000000000000000000000000000000000000000000000000000000000000000000000000000000000000000000000000000000000000000000000000000000000000000000000000000000000000000000000000000000000000000000000000000000000000000000111111111111111111111111000000000000000000000000000000000000000000000000
000000000000000000000000000000000000000000000000000000000000000000000000000000000000000000000000000000000000000000000000000000000000000000000000000000000000000000000000000000000000000000000000000000000000000000000000000000000000000000000000000000000000000000000000000000000000000000000000000000000000000000000000000000000000000000000000000000000000000000000000000000000000000000000000000000000000000000000000000000000000000000000000111111111111111111111111000000000000000000000000
000000000000000000000000000000000000000000000000000000000000000000000000000000000000000000000000000000000000000000000000000000000000000000000000000000000000000000000000000000000000000000000000000000000000000000000000000000000000000000000000000000000000000000000000000000000000000000000000000000000000000000000000000000000000000000000000000000000000000000000000000000000000000000000000000000000000000000000000000000000000000000000000000000000000000000000000111111111111111111111111
011111111111000000000001011111111111000000000001011111111111000000000001011111111111000000000001011111111111000000000001011111111111000000000001011111111111000000000001011111111111000000000001011111111111000000000001011111111111000000000001000000000000000000000000000000000000000000000000000000000000000000000000000000000000000000000000000000000000000000000000000000000000000000000000000000000000000000000000000000000000000000000000000000000000000000000000000000000000000000000000
001100011001110001100100001100011001110001100100001100011001110001100100001100011001110001100100001100011001110001100100001100011001110001100100001100011001110001100100001100011001110001100100001100011001110001100100001100011001110001100100000000000000000000000000000000000000000000000000000000000000000000000000000000000000000000000000000000000000000000000000000000000000000000000000000000000000000000000000000000000000000000000000000000000000000000000000000000000000000000000000
000100100110010010011011000100100110010010011011000100100110010010011011000100100110010010011011000100100110010010011011000100100110010010011011000100100110010010011011000100100110010010011011000100100110010010011011000100100110010010011011000000000000000000000000000000000000000000000000000000000000000000000000000000000000000000000000000000000000000000000000000000000000000000000000000000000000000000000000000000000000000000000000000000000000000000000000000000000000000000000000
000010010101001001010111000010010101001001010111000010010101001001010111000010010101001001010111000010010101001001010111000010010101001001010111000010010101001001010111000010010101001001010111000010010101001001010111000010010101001001010111000000000000000000000000000000000000000000000000000000000000000000000000000000000000000000000000000000000000000000000000000000000000000000000000000000000000000000000000000000000000000000000000000000000000000000000000000000000000000000000000
000001001011000100101111000001001011000100101111000001001011000100101111000001001011000100101111000001001011000100101111000001001011000100101111000001001011000100101111000001001011000100101111000001001011000100101111000001001011000100101111000000000000000000000000000000000000000000000000000000000000000000000000000000000000000000000000000000000000000000000000000000000000000000000000000000000000000000000000000000000000000000000000000000000000000000000000000000000000000000000000
000000000000000000000000000000000000000000000000000000000000000000000000000000000000000000000000000000000000000000000000000000000000000000000000000000000000000000000000000000000000000000000000000000000000000000000000000000000000000000000000011111111111000000000001011111111111000000000001011111111111000000000001011111111111000000000001011111111111000000000001011111111111000000000001011111111111000000000001011111111111000000000001011111111111000000000001011111111111000000000001
000000000000000000000000000000000000000000000000000000000000000000000000000000000000000000000000000000000000000000000000000000000000000000000000000000000000000000000000000000000000000000000000000000000000000000000000000000000000000000000000001100011001110001100100001100011001110001100100001100011001110001100100001100011001110001100100001100011001110001100100001100011001110001100100001100011001110001100100001100011001110001100100001100011001110001100100001100011001110001100100
000000000000000000000000000000000000000000000000000000000000000000000000000000000000000000000000000000000000000000000000000000000000000000000000000000000000000000000000000000000000000000000000000000000000000000000000000000000000000000000000000100100110010010011011000100100110010010011011000100100110010010011011000100100110010010011011000100100110010010011011000100100110010010011011000100100110010010011011000100100110010010011011000100100110010010011011000100100110010010011011
000000000000000000000000000000000000000000000000000000000000000000000000000000000000000000000000000000000000000000000000000000000000000000000000000000000000000000000000000000000000000000000000000000000000000000000000000000000000000000000000000010010101001001010111000010010101001001010111000010010101001001010111000010010101001001010111000010010101001001010111000010010101001001010111000010010101001001010111000010010101001001010111000010010101001001010111000010010101001001010111
000000000000000000000000000000000000000000000000000000000000000000000000000000000000000000000000000000000000000000000000000000000000000000000000000000000000000000000000000000000000000000000000000000000000000000000000000000000000000000000000000001001011000100101111000001001011000100101111000001001011000100101111000001001011000100101111000001001011000100101111000001001011000100101111000001001011000100101111000001001011000100101111000001001011000100101111000001001011000100101111
000011000000000000000000000000000010111110110110001011001010010100110100110111110001011010101100111010010011101101111110110001000110111011000110110000110001011110010110110101111101100001101010011010000110100011100010110000111011010011000000000011000000000000000000000000000010111110110110001011001010010100110100110111110001011010101100111010010011101101111110110001000110111011000110110000110001011110010110110101111101100001101010011010000110100011100010110000111011010011000000
000110100000100000000000000000000110010101101010010111101111001000100100101101010111010111011000000001001011111101100000100011011011100100000010010001101001111110000000001110010111100111110010010101110011100101000110010111110101000001100000000110100000100000000000000000000110010101101010010111101111001000100100101101010111010111011000000001001011111101100000100011011011100100000010010001101001111110000000001110010111100111110010010101110011100101000110010111110101000001100000
000100010000000000000000000000000111101110000100010101001001000110101010100111000111000110001110000011110011101111001000001110111111100011010100111110001001100011101000010100000000100111000000001001110101111010110110001111010110001001100000000100010000000000000000000000000111101110000100010101001001000110101010100111000111000110001110000011110011101111001000001110111111100011010100111110001001100011101000010100000000100111000000001001110101111010110110001111010110001001100000
101100001000000000000000100000000111000011111100011110101100011001010010010000101001010100110110111000101010111111101000000001100100101010000000110000101010000101010110000010101111101011001010010100101011111011110100101001000101011010000000101100001000000000000000100000000111000011111100011110101100011001010010010000101001010100110110111000101010111111101000000001100100101010000000110000101010000101010110000010101111101011001010010100101011111011110100101001000101011010000000
010000000100000000000000100000000011101111011110110000111010010001111010000001000100110100001110011011010111101101100100110110010100100111010010001110001110101000010010001010100101001000111100111110000101100000101000000110010000001000000000010000000100000000000000100000000011101111011110110000111010010001111010000001000100110100001110011011010111101101100100110110010100100111010010001110001110101000010010001010100101001000111100111110000101100000101000000110010000001000000000
101010000010000000000000000000000000101110000110101011110000001000011010010011110111011011110000111010110011100001000000110001110011011010111100100101000111110110101110011010010001111011011000101010001100100000100100011111001001011011100000101010000010000000000000000000000000101110000110101011110000001000011010010011110111011011110000111010110011100001000000110001110011011010111100100101000111110110101110011010010001111011011000101010001100100000100100011111001001011011100000
011010000001000000000000100000000111011011100100010001101001111101100100111110111001111000001010111100001001000001000010010000011001001110010000000001101001110001001110000010111011011111101100010010101100000010101110010001101010001001100000011010000001000000000000100000000111011011100100010001101001111101100100111110111001111000001010111100001001000001000010010000011001001110010000000001101001110001001110000010111011011111101100010010101100000010101110010001101010001001100000
001100000000110000000000100001000000000001011100101010001100001001111110101001011000110101111000011100101110110001101000101011111111100011001110010001000110110010011100110001110111100110110100110110000000101111000010000101100000100010100000001100000000110000000000100001000000000001011100101010001100001001111110101001011000110101111000011100101110110001101000101011111111100011001110010001000110110010011100110001110111100110110100110110000000101111000010000101100000100010100000
110010000000001000000000100001000111001111111110100011100000111000000100000010010010100101010100100000000110011001111100001101110000100010101100111111100100000011011110101001110011110001000000101011111000100001001000111111100011111011000000110010000000001000000000100001000111001111111110100011100000111000000100000010010010100101010100100000000110011001111100001101110000100010101100111111100100000011011110101001110011110001000000101011111000100001001000111111100011111011000000
010000000000000100000000100001000100000110111000000101111101011010110110110001110101110001010100110010101100111001101000001000110010001100010010111101100001011010110110000100110101111000000110001010001011001110110000011101010011001011000000010000000000000100000000100001000100000110111000000101111101011010110110110001110101110001010100110010101100111001101000001000110010001100010010111101100001011010110110000100110101111000000110001010001011001110110000011101010011001011000000
111010000000100010000000100000000010011101111100001101101110000111011110111111010110100100111000001001000010011100100100010101000110001111001110101101101100000110100000110101010001110000010010000000111101001010110010111001110011111001000000111010000000100010000000100000000010011101111100001101101110000111011110111111010110100100111000001001000010011100100100010101000110001111001110101101101100000110100000110101010001110000010010000000111101001010110010111001110011111001000000
111100000000100001000000100001000010101000100000101100111111011001001100011100000000000100110000110100011010011100010000101111101111100101010000010110010011100011011100110011111011110100010010001000110011100100011100000110011001100001100000111100000000100001000000100001000010101000100000101100111111011001001100011100000000000100110000110100011010011100010000101111101111100101010000010110010011100011011100110011111011110100010010001000110011100100011100000110011001100001100000
010000000000000000100000100000000101010111001110010001000000100011100110101111000001011110010100110110111111010010101000101001110000011101100000010110000011101111010100001011011010001100110110100101011000100000110110001100000111101000100000010000000000000000100000100000000101010111001110010001000000100011100110101111000001011110010100110110111111010010101000101001110000011101100000010110000011101111010100001011011010001100110110100101011000100000110110001100000111101000100000
000000000000100000010000000000000101001110011100100110010000010110101100001010001110100100101100000010101011101100011110101000010110111001100110100001101001001011001100100011100100110101111000001101001001001011110110010010101000000001100000000000000000100000010000000000000101001110011100100110010000010110101100001010001110100100101100000010101011101100011110101000010110111001100110100001101001001011001100100011100100110101111000001101001001001011110110010010101000000001100000
000000000000100000001000100000000100110001000100101101101011110001110010110111000010111001000110101100010100100100110010100010100011001101100010001111000011110001100110101111010010110100101110110001000010001100010010101010110101001000000000000000000000100000001000100000000100110001000100101101101011110001110010110111000010111001000110101100010100100100110010100010100011001101100010001111000011110001100110101111010010110100101110110001000010001100010010101010110101001000000000
010000000000000000000100000000000011010110000010100001100111000011011000111010001111110010000100111000000111111001100100001110111000011001011010001011011111000000000110111001000100100111100000110011001010110110111010011000001001110001100000010000000000000000000100000000000011010110000010100001100111000011011000111010001111110010000100111000000111111001100100001110111000011001011010001011011111000000000110111001000100100111100000110011001010110110111010011000001001110001100000
111010000000100000000010000001000100111001000000011100010100000110101010001100111110001110011000010110011111100001001010111111001101110001111100110100111010111110001010100110101100101100111110010011011110100011101110010010110010110001000000111010000000100000000010000001000100111001000000011100010100000110101010001100111110001110011000010110011111100001001010111111001101110001111100110100111010111110001010100110101100101100111110010011011110100011101110010010110010110001000000
010010000000000000000000010001000011100110110100011100010110011001010000000011111000010101001010101001101101011111110110011110111111110001101010100001101000000101110000100111101000001100110000111001110001100110001010100100010000011011100000010010000000000000000000010001000011100110110100011100010110011001010000000011111000010101001010101001101101011111110110011110111111110001101010100001101000000101110000100111101000001100110000111001110001100110001010100100010000011011100000
010010000000000000000000001001000000000111100000000100111100100111000010011011000010010000101110010010100111111100000110110100010001111000101000110101001000000000101100111100111101001110111010001110010011110011000000011001100001101010000000010010000000000000000000001001000000000111100000000100111100100111000010011011000010010000101110010010100111111100000110110100010001111000101000110101001000000000101100111100111101001110111010001110010011110011000000011001100001101010000000
110110000000000000000000000100000000100000111100111011101110111001101010001011101111001110010000010011001111110111101000100000011000011001011110010001010001001010010100101001101010011011100100010101110000011100100010100110111010000001000000110110000000000000000000000100000000100000111100111011101110111001101010001011101111001110010000010011001111110111101000100000011000011001011110010001010001001010010100101001101010011011100100010101110000011100100010100110111010000001000000
111010000000000000000000100011000000111001110010111110011000110110001110010001011111010010001110011111111011001011110010100000110101111101110110011110101111101001101110011010010010001100100000000101100110010001011100101011111110001011000000111010000000000000000000100011000000111001110010111110011000110110001110010001011111010010001110011111111011001011110010100000110101111101110110011110101111101001101110011010010010001100100000000101100110010001011100101011111110001011000000
011000000000000000000000100000100010110110010000110111001001010010001000101111111010000001000110001011101010011110101110111000110010101011111010011001100001111001111110110001010011010100111100110111010100101100100100101111000101110000100000011000000000000000000000100000100010110110010000110111001001010010001000101111111010000001000110001011101010011110101110111000110010101011111010011001100001111001111110110001010011010100111100110111010100101100100100101111000101110000100000
001110000000100000000000100000010110110011011110010110001011110111011010010001101101000111101100100000010010111001000010010011110100100000001110010111111000111100101100101101010000000010100010010110011110001101110110001110011110100001100000001110000000100000000000100000010110110011011110010110001011110111011010010001101101000111101100100000010010111001000010010011110100100000001110010111111000111100101100101101010000000010100010010110011110001101110110001110011110100001100000
000000000000000000000000000000001011100010110010111110110011010010001000011111001010110010001010101110001100110101010100010011111001011111001010111000110000000010011110010111101111111000011000111101001010100011101110011110010101000001000000000000000000000000000000000000001011100010110010111110110011010010001000011111001010110010001010101110001100110101010100010011111001011111001010111000110000000010011110010111101111111000011000111101001010100011101110011110010101000001000000

X checks
111111111111111111111111000000000000000000000000000000000000000000000000000000000000000000000000000000000000000000000000000000000000000000000000000000000000000000000000000000000000000000000000000000000000000000000000000000000000000000000000000000000000000000000000000000000000000000000000000000000000000000000000000000000000000000000000000000000000000000000000000000000000000000000000000000000000000000000000000000000000000000000000000000000000000000000000000000000000000000000000
000000000000000000000000111111111111111111111111000000000000000000000000000000000000000000000000000000000000000000000000000000000000000000000000000000000000000000000000000000000000000000000000000000000000000000000000000000000000000000000000000000000000000000000000000000000000000000000000000000000000000000000000000000000000000000000000000000000000000000000000000000000000000000000000000000000000000000000000000000000000000000000000000000000000000000000000000000000000000000000000
000000000000000000000000000000000000000000000000111111111111111111111111000000000000000000000000000000000000000000000000000000000000000000000000000000000000000000000000000000000000000000000000000000000000000000000000000000000000000000000000000000000000000000000000000000000000000000000000000000000000000000000000000000000000000000000000000000000000000000000000000000000000000000000000000000000000000000000000000000000000000000000000000000000000000000000000000000000000000000000000
000000000000000000000000000000000000000000000000000000000000000000000000111111111111111111111111000000000000000000000000000000000000000000000000000000000000000000000000000000000000000000000000000000000000000000000000000000000000000000000000000000000000000000000000000000000000000000000000000000000000000000000000000000000000000000000000000000000000000000000000000000000000000000000000000000000000000000000000000000000000000000000000000000000000000000000000000000000000000000000000
000000000000000000000000000000000000000000000000000000000000000000000000000000000000000000000000111111111111111111111111000000000000000000000000000000000000000000000000000000000000000000000000000000000000000000000000000000000000000000000000000000000000000000000000000000000000000000000000000000000000000000000000000000000000000000000000000000000000000000000000000000000000000000000000000000000000000000000000000000000000000000000000000000000000000000000000000000000000000000000000
000000000000000000000000000000000000000000000000000000000000000000000000000000000000000000000000000000000000000000000000111111111111111111111111000000000000000000000000000000000000000000000000000000000000000000000000000000000000000000000000000000000000000000000000000000000000000000000000000000000000000000000000000000000000000000000000000000000000000000000000000000000000000000000000000000000000000000000000000000000000000000000000000000000000000000000000000000000000000000000000
000000000000000000000000000000000000000000000000000000000000000000000000000000000000000000000000000000000000000000000000000000000000000000000000111111111111111111111111000000000000000000000000000000000000000000000000000000000000000000000000000000000000000000000000000000000000000000000000000000000000000000000000000000000000000000000000000000000000000000000000000000000000000000000000000000000000000000000000000000000000000000000000000000000000000000000000000000000000000000000000
000000000000000000000000000000000000000000000000000000000000000000000000000000000000000000000000000000000000000000000000000000000000000000000000000000000000000000000000111111111111111111111111000000000000000000000000000000000000000000000000000000000000000000000000000000000000000000000000000000000000000000000000000000000000000000000000000000000000000000000000000000000000000000000000000000000000000000000000000000000000000000000000000000000000000000000000000000000000000000000000
000000000000000000000000000000000000000000000000000000000000000000000000000000000000000000000000000000000000000000000000000000000000000000000000000000000000000000000000000000000000000000000000111111111111111111111111000000000000000000000000000000000000000000000000000000000000000000000000000000000000000000000000000000000000000000000000000000000000000000000000000000000000000000000000000000000000000000000000000000000000000000000000000000000000000000000000000000000000000000000000
000000000000000000000000000000000000000000000000000000000000000000000000000000000000000000000000000000000000000000000000000000000000000000000000000000000000000000000000000000000000000000000000000000000000000000000000111111111111111111111111000000000000000000000000000000000000000000000000000000000000000000000000000000000000000000000000000000000000000000000000000000000000000000000000000000000000000000000000000000000000000000000000000000000000000000000000000000000000000000000000
000000000000000000000000000000000000000000000000000000000000000000000000000000000000000000000000000000000000000000000000000000000000000000000000000000000000000000000000000000000000000000000000000000000000000000000000000000000000000000000000111111111111111111111111000000000000000000000000000000000000000000000000000000000000000000000000000000000000000000000000000000000000000000000000000000000000000000000000000000000000000000000000000000000000000000000000000000000000000000000000
000000000000000000000000000000000000000000000000000000000000000000000000000000000000000000000000000000000000000000000000000000000000000000000000000000000000000000000000000000000000000000000000000000000000000000000000000000000000000000000000000000000000000000000000111111111111111111111111000000000000000000000000000000000000000000000000000000000000000000000000000000000000000000000000000000000000000000000000000000000000000000000000000000000000000000000000000000000000000000000000
000000000000000000000000000000000000000000000000000000000000000000000000000000000000000000000000000000000000000000000000000000000000000000000000000000000000000000000000000000000000000000000000000000000000000000000000000000000000000000000000000000000000000000000000000000000000000000000000111111111111111111111111000000000000000000000000000000000000000000000000000000000000000000000000000000000000000000000000000000000000000000000000000000000000000000000000000000000000000000000000
000000000000000000000000000000000000000000000000000000000000000000000000000000000000000000000000000000000000000000000000000000000000000000000000000000000000000000000000000000000000000000000000000000000000000000000000000000000000000000000000000000000000000000000000000000000000000000000000000000000000000000000000111111111111111111111111000000000000000000000000000000000000000000000000000000000000000000000000000000000000000000000000000000000000000000000000000000000000000000000000
000000000000000000000000000000000000000000000000000000000000000000000000000000000000000000000000000000000000000000000000000000000000000000000000000000000000000000000000000000000000000000000000000000000000000000000000000000000000000000000000000000000000000000000000000000000000000000000000000000000000000000000000000000000000000000000000111111111111111111111111000000000000000000000000000000000000000000000000000000000000000000000000000000000000000000000000000000000000000000000000
000000000000000000000000000000000000000000000000000000000000000000000000000000000000000000000000000000000000000000000000000000000000000000000000000000000000000000000000000000000000000000000000000000000000000000000000000000000000000000000000000000000000000000000000000000000000000000000000000000000000000000000000000000000000000000000000000000000000000000000000111111111111111111111111000000000000000000000000000000000000000000000000000000000000000000000000000000000000000000000000
000000000000000000000000000000000000000000000000000000000000000000000000000000000000000000000000000000000000000000000000000000000000000000000000000000000000000000000000000000000000000000000000000000000000000000000000000000000000000000000000000000000000000000000000000000000000000000000000000000000000000000000000000000000000000000000000000000000000000000000000000000000000000000000000111111111111111111111111000000000000000000000000000000000000000000000000000000000000000000000000
000000000000000000000000000000000000000000000000000000000000000000000000000000000000000000000000000000000000000000000000000000000000000000000000000000000000000000000000000000000000000000000000000000000000000000000000000000000000000000000000000000000000000000000000000000000000000000000000000000000000000000000000000000000000000000000000000000000000000000000000000000000000000000000000000000000000000000000000111111111111111111111111000000000000000000000000000000000000000000000000
000000000000000000000000000000000000000000000000000000000000000000000000000000000000000000000000000000000000000000000000000000000000000000000000000000000000000000000000000000000000000000000000000000000000000000000000000000000000000000000000000000000000000000000000000000000000000000000000000000000000000000000000000000000000000000000000000000000000000000000000000000000000000000000000000000000000000000000000000000000000000000000000111111111111111111111111000000000000000000000000
000000000000000000000000000000000000000000000000000000000000000000000000000000000000000000000000000000000000000000000000000000000000000000000000000000000000000000000000000000000000000000000000000000000000000000000000000000000000000000000000000000000000000000000000000000000000000000000000000000000000000000000000000000000000000000000000000000000000000000000000000000000000000000000000000000000000000000000000000000000000000000000000000000000000000000000000111111111111111111111111
111111111111000000000000111111111111000000000000111111111111000000000000111111111111000000000000111111111111000000000000111111111111000000000000111111111111000000000000111111111111000000000000111111111111000000000000111111111111000000000000000000000000000000000000000000000000000000000000000000000000000000000000000000000000000000000000000000000000000000000000000000000000000000000000000000000000000000000000000000000000000000000000000000000000000000000000000000000000000000000000
001100011001110001100100001100011001110001100100001100011001110001100100001100011001110001100100001100011001110001100100001100011001110001100100001100011001110001100100001100011001110001100100001100011001110001100100001100011001110001100100000000000000000000000000000000000000000000000000000000000000000000000000000000000000000000000000000000000000000000000000000000000000000000000000000000000000000000000000000000000000000000000000000000000000000000000000000000000000000000000000
100100100110010010011010100100100110010010011010100100100110010010011010100100100110010010011010100100100110010010011010100100100110010010011010100100100110010010011010100100100110010010011010100100100110010010011010100100100110010010011010000000000000000000000000000000000000000000000000000000000000000000000000000000000000000000000000000000000000000000000000000000000000000000000000000000000000000000000000000000000000000000000000000000000000000000000000000000000000000000000000
100010010101001001010110100010010101001001010110100010010101001001010110100010010101001001010110100010010101001001010110100010010101001001010110100010010101001001010110100010010101001001010110100010010101001001010110100010010101001001010110000000000000000000000000000000000000000000000000000000000000000000000000000000000000000000000000000000000000000000000000000000000000000000000000000000000000000000000000000000000000000000000000000000000000000000000000000000000000000000000000
100001001011000100101110100001001011000100101110100001001011000100101110100001001011000100101110100001001011000100101110100001001011000100101110100001001011000100101110100001001011000100101110100001001011000100101110100001001011000100101110000000000000000000000000000000000000000000000000000000000000000000000000000000000000000000000000000000000000000000000000000000000000000000000000000000000000000000000000000000000000000000000000000000000000000000000000000000000000000000000000
000000000000000000000000000000000000000000000000000000000000000000000000000000000000000000000000000000000000000000000000000000000000000000000000000000000000000000000000000000000000000000000000000000000000000000000000000000000000000000000000111111111111000000000000111111111111000000000000111111111111000000000000111111111111000000000000111111111111000000000000111111111111000000000000111111111111000000000000111111111111000000000000111111111111000000000000111111111111000000000000
000000000000000000000000000000000000000000000000000000000000000000000000000000000000000000000000000000000000000000000000000000000000000000000000000000000000000000000000000000000000000000000000000000000000000000000000000000000000000000000000001100011001110001100100001100011001110001100100001100011001110001100100001100011001110001100100001100011001110001100100001100011001110001100100001100011001110001100100001100011001110001100100001100011001110001100100001100011001110001100100
000000000000000000000000000000000000000000000000000000000000000000000000000000000000000000000000000000000000000000000000000000000000000000000000000000000000000000000000000000000000000000000000000000000000000000000000000000000000000000000000100100100110010010011010100100100110010010011010100100100110010010011010100100100110010010011010100100100110010010011010100100100110010010011010100100100110010010011010100100100110010010011010100100100110010010011010100100100110010010011010
000000000000000000000000000000000000000000000000000000000000000000000000000000000000000000000000000000000000000000000000000000000000000000000000000000000000000000000000000000000000000000000000000000000000000000000000000000000000000000000000100010010101001001010110100010010101001001010110100010010101001001010110100010010101001001010110100010010101001001010110100010010101001001010110100010010101001001010110100010010101001001010110100010010101001001010110100010010101001001010110
000000000000000000000000000000000000000000000000000000000000000000000000000000000000000000000000000000000000000000000000000000000000000000000000000000000000000000000000000000000000000000000000000000000000000000000000000000000000000000000000100001001011000100101110100001001011000100101110100001001011000100101110100001001011000100101110100001001011000100101110100001001011000100101110100001001011000100101110100001001011000100101110100001001011000100101110100001001011000100101110
001101011001001110011010110011100100001111010010111000101100100101010000011011101000010100110110010110001010100011100100011101011111110101011100011100101000010000001100011001100100101111110000101001100000010010000110011100100010011001000000001101011001001110011010110011100100001111010010111000101100100101010000011011101000010100110110010110001010100011100100011101011111110101011100011100101000010000001100011001100100101111110000101001100000010010000110011100100010011001000000
100001101011111011010000011110110010010001000100001001011011001100001010101100011100101100001000011111111111111001001110100010010000011111010010001111011101111010101110010000100011100011011100001011000111100001101000110110111110111010100000100001101011111011010000011110110010010001000100001001011011001100001010101100011100101100001000011111111111111001001110100010010000011111010010001111011101111010101110010000100011100011011100001011000111100001101000110110111110111010100000
100010000101110110101000011101101101100111010010001000100011001111111100100101010010110000100110011110011001100110011110010011010101101010000010111100011100010101000000001001101010101110010110010100011111110011100000010010111100000100100000100010000101110110101000011101101101100111010010001000100011001111111100100101010010110000100110011110011001100110011110010011010101101010000010111100011100010101000000001001101010101110010110010100011111110011100000010010111100000100100000
100010011101110110101000100010010010110101010100000011000110010000000100001101000011011101100000111010111111001001000000011100001110100011010110110010111111110011111110011111000101100010011100001001000001110010100010101011010000101000100000100010011101110110101000100010010010110101010100000011000110010000000100001101000011011101100000111010111111001001000000011100001110100011010110110010111111110011111110011111000101100010011100001001000001110010100010101011010000101000100000
110110001111011000101110110110001000110111110000100110110001001001010100001000110000010011011110010010100011001010110100100000011111111111111100000111111010001111000010000011010001101111101100101000001110111000000110001111100100101011000000110110001111011000101110110110001000110111110000100110110001001001010100001000110000010011011110010010100011001010110100100000011111111111111100000111111010001111000010000011010001101111101100101000001110111000000110001111100100101011000000
110011100100001110011010001100011001011111100010111000010110000110000000011111101110101010010100101001010101101111011010100010010101010100100110110110100001111000110100010110001000001010111100111001101010101110111110010011010000101110000000110011100100001110011010001100011001011111100010111000010110000110000000011111101110101010010100101001010101101111011010100010010101010100100110110110100001111000110100010110001000001010111100111001101010101110111110010011010000101110000000
000101101100101001001010000101101010110010101110101011111011101011010000011011010100010001000000011001100100101000001000101010001011011000100100111011111011100111111010111000101001001001011000101000111110010100011010101011111000011111000000000101101100101001001010000101101010110010101110101011111011101011010000011011010100010001000000011001100100101000001000101010001011011000100100111011111011100111111010111000101001001001011000101000111110010100011010101011111000011111000000
101101010010011010110100101100010010001011101000100111011110000011001010100100001010111111001100001110000011000100100010100110101101101001111010000011101011000111010110111100100101101100000000111011010010100101110110101000110010101100000000101101010010011010110100101100010010001011101000100111011110000011001010100100001010111111001100001110000011000100100010100110101101101001111010000011101011000111010110111100100101101100000000111011010010100101110110101000110010101100000000
000101101101100001001010000100101010100110110100000110001101010001001110111000000000110011100000000101101011110000110110110111100010110100011000011010001001101010010100001100011110011000001010001110010101001000000010011010001110010010000000000101101101100001001010000100101010100110110100000110001101010001001110111000000000110011100000000101101011110000110110110111100010110100011000011010001001101010010100001100011110011000001010001110010101001000000010011010001110010010000000
001001110100011100101110001000110000011110010110110011110110111101100110011000000001101001111010011011011000100001000110111110111001101011000010010100010101000010011000110010111110011111010110111100000000101001100000101011011000101000000000001001110100011100101110001000110000011110010110110011110110111101100110011000000001101001111010011011011000100001000110111110111001101011000010010100010101000010011000110010111110011111010110111100000000101001100000101011011000101000000000
001010101010010111010110001010101000001000101010111000111011101101110110010101111100110001101110111100010111110110001100100000010011100101100110000111000110010011110110011111111011100101000100110101101000100000011010101100100110010011100000001010101010010111010110001010101000001000101010111000111011101101110110010101111100110001101110111100010111110110001100100000010011100101100110000111000110010011110110011111111011100101000100110101101000100000011010101100100110010011100000
011011011001101100100100011010011011000101000100010111100110110100101000111000100110010110101010001111000011110001110100010100110110001000110100110010110101110001000110001000100010011001110110101100010101110110000110011101000000001100000000011011011001101100100100011010011011000101000100010111100110110100101000111000100110010110101010001111000011110001110100010100110110001000110100110010110101110001000110001000100010011001110110101100010101110110000110011101000000001100000000
001001110100011000001110001001110001001111100000100111001011000100110110000110110101000110111010011111001011001010000110000000000100000101001110100000001000001000000100111101010001101011100110001100101100111000011000111010001100001011100000001001110100011000001110001001110001001111100000100111001011000100110110000110110101000110111010011111001011001010000110000000000100000101001110100000001000001000000100111101010001101011100110001100101100111000011000111010001100001011100000
100111111000100000001100011000000010010001111110100001101000110110110000010010001001111011001110011010101100110011111100101111101110011001111010100110010001101011010000100100011100010101100100010101001110010100010100110101010000100001100000100111111000100000001100011000000010010001111110100001101000110110110000010010001001111011001110011010101100110011111100101111101110011001111010100110010001101011010000100100011100010101100100010101001110010100010100110101010000100001100000
110000111000000011101010110000111100110010100110111101010011110010010000100111111010111010100100111100101100100111010000110010011011001110000000000000000100001101111010111111101010110111001100100001111010001111110000000101110010110100000000110000111000000011101010110000111100110010100110111101010011110010010000100111111010111010100100111100101100100111010000110010011011001110000000000000000100001101111010111111101010110111001100100001111010001111110000000101110010110100000000
001001110100011000101010110110001000110001010010001000010011011011110110010011111011101010101010010001110011100001001010111000110011111110001010111101010100100111010110010000110000111111001110011010111110101110010100101110000010010010100000001001110100011000101010110110001000110001010010001000010011011011110110010011111011101010101010010001110011100001001010111000110011111110001010111101010100100111010110010000110000111111001110011010111110101110010100101110000010010010100000
011101101010110110101010100011010001110000010110111110000001001111111100101110101011000111001110110100001010101000011100000010100111000111010100001001010000001000100010011011000110011010010110110001001011101010111000001111011000000111100000011101101010110110101010100011010001110000010110111110000001001111111100101110101011000111001110110100001010101000011100000010100111000111010100001001010000001000100010011011000110011010010110110001001011101010111000001111011000000111100000
000101101101010110110100010100101110110000000000011001111011001111100100000110010101000011111110110011111111110110111100011011010010100111011110111011111010101100111010111101111010100101111010100011100011001111000000111110000010110010100000000101101101010110110100010100101110110000000000011001111011001111100100000110010101000011111110110011111111110110111100011011010010100111011110111011111010101100111010111101111010100101111010100011100011001111000000111110000010110010100000
010010101101110101001010011011101101110010101010010110010001010010001000001001101111100101100100000000001010001001001100111001000011110010011100111000011010001010011000110001101111000100001110011100111110000110001010001011001100011111000000010010101101110101001010011011101101110010101010010110010001010010001000001001101111100101100100000000001010001001001100111001000011110010011100111000011010001010011000110001101111000100001110011100111110000110001010001011001100011111000000
011000000111011111100010011100000111111111011110111100010110011001110110010011101000010001110010001011001000101000001010100111100000111001000010001001010110010101110110101110010010111011111000001101110111000011000000100001000010100101000000011000000111011111100010011100000111111111011110111100010110011001110110010011101000010001110010001011001000101000001010100111100000111001000010001001010110010101110110101110010010111011111000001101110111000011000000100001000010100101000000
010010101101110101001010101110010010110011000110110011001010111100111010000011110010100111000100001101010110111110111000101101100111110111000010001100000010011100100100001000111111111001101010010111001011100100010110100110101100000001100000010010101101110101001010101110010010110011000110110011001010111100111010000011110010100111000100001101010110111110111000101101100111110111000010001100000010011100100100001000111111111001101010010111001011100100010110100110101100000001100000
001001110100100111010000110110101001101110111110100001000010001010100110111001110001011001101000000010011110111001111110101110111001110011010100010000010101011110101110100111011000001100010010100001011111110100001010111001001110101100000000001001110100100111010000110110101001101110111110100001000010001010100110111001110001011001101000000010011110111001111110101110111001110011010100010000010101011110101110100111011000001100010010100001011111110100001010111001001110101100000000
110110001011100111010000001001100010101011110000100000000000010000001010100111100110100000111100001001100110100001101100100101111111000111011110100001110011011011111100000100100100011010001100100000010101101010100110000111101010111001000000110110001011100111010000001001100010101011110000100000000000010000001010100111100110100000111100001001100110100001101100100101111111000111011110100001110011011011111100000100100100011010001100100000010101101010100110000111101010111001000000
111111111111000000000000111111110100100010110010011110110011101101110110100000110101110010001010001110001100001010101010101100000110011111001010011000110000111101100000101000010000111000011000011101001010011100010000100001101010000001000000111111111111000000000000111111110100100010110010011110110011101101110110100000110101110010001010001110001100001010101010101100000110011111001010011000110000111101100000101000010000111000011000011101001010011100010000100001101010000001000000
