Z checks
11111111111111110000000000000000000000000000000000000000000000000000000000000000000000000000000000000000000000000000000000000000000000000000000000000000000000000000000000000000000000000000000000000000000000000000000000000000000000000000000000000000000000000000000000000000000000000000000000000000000000000000000000000000000000000000000000000000000000000000000000000000000000000000000000000000000000000000000000000000000000000000000000000000000000000000000000000000000000000000000000000000000000000000000000000000
00000000000000001111111111111111000000000000000000000000000000000000000000000000000000000000000000000000000000000000000000000000000000000000000000000000000000000000000000000000000000000000000000000000000000000000000000000000000000000000000000000000000000000000000000000000000000000000000000000000000000000000000000000000000000000000000000000000000000000000000000000000000000000000000000000000000000000000000000000000000000000000000000000000000000000000000000000000000000000000000000000000000000000000000000000000
00000000000000000000000000000000111111111111111100000000000000000000000000000000000000000000000000000000000000000000000000000000000000000000000000000000000000000000000000000000000000000000000000000000000000000000000000000000000000000000000000000000000000000000000000000000000000000000000000000000000000000000000000000000000000000000000000000000000000000000000000000000000000000000000000000000000000000000000000000000000000000000000000000000000000000000000000000000000000000000000000000000000000000000000000000000
00000000000000000000000000000000000000000000000011111111111111110000000000000000000000000000000000000000000000000000000000000000000000000000000000000000000000000000000000000000000000000000000000000000000000000000000000000000000000000000000000000000000000000000000000000000000000000000000000000000000000000000000000000000000000000000000000000000000000000000000000000000000000000000000000000000000000000000000000000000000000000000000000000000000000000000000000000000000000000000000000000000000000000000000000000000
00000000000000000000000000000000000000000000000000000000000000001111111111111111000000000000000000000000000000000000000000000000000000000000000000000000000000000000000000000000000000000000000000000000000000000000000000000000000000000000000000000000000000000000000000000000000000000000000000000000000000000000000000000000000000000000000000000000000000000000000000000000000000000000000000000000000000000000000000000000000000000000000000000000000000000000000000000000000000000000000000000000000000000000000000000000
00000000000000000000000000000000000000000000000000000000000000000000000000000000111111111111111100000000000000000000000000000000000000000000000000000000000000000000000000000000000000000000000000000000000000000000000000000000000000000000000000000000000000000000000000000000000000000000000000000000000000000000000000000000000000000000000000000000000000000000000000000000000000000000000000000000000000000000000000000000000000000000000000000000000000000000000000000000000000000000000000000000000000000000000000000000
00000000000000000000000000000000000000000000000000000000000000000000000000000000000000000000000011111111111111110000000000000000000000000000000000000000000000000000000000000000000000000000000000000000000000000000000000000000000000000000000000000000000000000000000000000000000000000000000000000000000000000000000000000000000000000000000000000000000000000000000000000000000000000000000000000000000000000000000000000000000000000000000000000000000000000000000000000000000000000000000000000000000000000000000000000000
00000000000000000000000000000000000000000000000000000000000000000000000000000000000000000000000000000000000000001111111111111111000000000000000000000000000000000000000000000000000000000000000000000000000000000000000000000000000000000000000000000000000000000000000000000000000000000000000000000000000000000000000000000000000000000000000000000000000000000000000000000000000000000000000000000000000000000000000000000000000000000000000000000000000000000000000000000000000000000000000000000000000000000000000000000000
00000000000000000000000000000000000000000000000000000000000000000000000000000000000000000000000000000000000000000000000000000000111111111111111100000000000000000000000000000000000000000000000000000000000000000000000000000000000000000000000000000000000000000000000000000000000000000000000000000000000000000000000000000000000000000000000000000000000000000000000000000000000000000000000000000000000000000000000000000000000000000000000000000000000000000000000000000000000000000000000000000000000000000000000000000000
00000000000000000000000000000000000000000000000000000000000000000000000000000000000000000000000000000000000000000000000000000000000000000000000011111111111111110000000000000000000000000000000000000000000000000000000000000000000000000000000000000000000000000000000000000000000000000000000000000000000000000000000000000000000000000000000000000000000000000000000000000000000000000000000000000000000000000000000000000000000000000000000000000000000000000000000000000000000000000000000000000000000000000000000000000000
00000000000000000000000000000000000000000000000000000000000000000000000000000000000000000000000000000000000000000000000000000000000000000000000000000000000000001111111111111111000000000000000000000000000000000000000000000000000000000000000000000000000000000000000000000000000000000000000000000000000000000000000000000000000000000000000000000000000000000000000000000000000000000000000000000000000000000000000000000000000000000000000000000000000000000000000000000000000000000000000000000000000000000000000000000000
00000000000000000000000000000000000000000000000000000000000000000000000000000000000000000000000000000000000000000000000000000000000000000000000000000000000000000000000000000000111111111111111100000000000000000000000000000000000000000000000000000000000000000000000000000000000000000000000000000000000000000000000000000000000000000000000000000000000000000000000000000000000000000000000000000000000000000000000000000000000000000000000000000000000000000000000000000000000000000000000000000000000000000000000000000000
00000000000000000000000000000000000000000000000000000000000000000000000000000000000000000000000000000000000000000000000000000000000000000000000000000000000000000000000000000000000000000000000011111111111111110000000000000000000000000000000000000000000000000000000000000000000000000000000000000000000000000000000000000000000000000000000000000000000000000000000000000000000000000000000000000000000000000000000000000000000000000000000000000000000000000000000000000000000000000000000000000000000000000000000000000000
00000000000000000000000000000000000000000000000000000000000000000000000000000000000000000000000000000000000000000000000000000000000000000000000000000000000000000000000000000000000000000000000000000000000000001111111111111111000000000000000000000000000000000000000000000000000000000000000000000000000000000000000000000000000000000000000000000000000000000000000000000000000000000000000000000000000000000000000000000000000000000000000000000000000000000000000000000000000000000000000000000000000000000000000000000000
00000000000000000000000000000000000000000000000000000000000000000000000000000000000000000000000000000000000000000000000000000000000000000000000000000000000000000000000000000000000000000000000000000000000000000000000000000000111111111111111100000000000000000000000000000000000000000000000000000000000000000000000000000000000000000000000000000000000000000000000000000000000000000000000000000000000000000000000000000000000000000000000000000000000000000000000000000000000000000000000000000000000000000000000000000000
00000000000000000000000000000000000000000000000000000000000000000000000000000000000000000000000000000000000000000000000000000000000000000000000000000000000000000000000000000000000000000000000000000000000000000000000000000000000000000000000011111111111111110000000000000000000000000000000000000000000000000000000000000000000000000000000000000000000000000000000000000000000000000000000000000000000000000000000000000000000000000000000000000000000000000000000000000000000000000000000000000000000000000000000000000000
00000000000000000000000000000000000000000000000000000000000000000000000000000000000000000000000000000000000000000000000000000000000000000000000000000000000000000000000000000000000000000000000000000000000000000000000000000000000000000000000000000000000000001111111111111111000000000000000000000000000000000000000000000000000000000000000000000000000000000000000000000000000000000000000000000000000000000000000000000000000000000000000000000000000000000000000000000000000000000000000000000000000000000000000000000000
00000000000000000000000000000000000000000000000000000000000000000000000000000000000000000000000000000000000000000000000000000000000000000000000000000000000000000000000000000000000000000000000000000000000000000000000000000000000000000000000000000000000000000000000000000000111111111111111100000000000000000000000000000000000000000000000000000000000000000000000000000000000000000000000000000000000000000000000000000000000000000000000000000000000000000000000000000000000000000000000000000000000000000000000000000000
00000000000000000000000000000000000000000000000000000000000000000000000000000000000000000000000000000000000000000000000000000000000000000000000000000000000000000000000000000000000000000000000000000000000000000000000000000000000000000000000000000000000000000000000000000000000000000000000011111111111111110000000000000000000000000000000000000000000000000000000000000000000000000000000000000000000000000000000000000000000000000000000000000000000000000000000000000000000000000000000000000000000000000000000000000000
00000000000000000000000000000000000000000000000000000000000000000000000000000000000000000000000000000000000000000000000000000000000000000000000000000000000000000000000000000000000000000000000000000000000000000000000000000000000000000000000000000000000000000000000000000000000000000000000000000000000000001111111111111111000000000000000000000000000000000000000000000000000000000000000000000000000000000000000000000000000000000000000000000000000000000000000000000000000000000000000000000000000000000000000000000000
00000000000000000000000000000000000000000000000000000000000000000000000000000000000000000000000000000000000000000000000000000000000000000000000000000000000000000000000000000000000000000000000000000000000000000000000000000000000000000000000000000000000000000000000000000000000000000000000000000000000000000000000000000000111111111111111100000000000000000000000000000000000000000000000000000000000000000000000000000000000000000000000000000000000000000000000000000000000000000000000000000000000000000000000000000000
00000000000000000000000000000000000000000000000000000000000000000000000000000000000000000000000000000000000000000000000000000000000000000000000000000000000000000000000000000000000000000000000000000000000000000000000000000000000000000000000000000000000000000000000000000000000000000000000000000000000000000000000000000000000000000000000011111111111111110000000000000000000000000000000000000000000000000000000000000000000000000000000000000000000000000000000000000000000000000000000000000000000000000000000000000000
00000000000000000000000000000000000000000000000000000000000000000000000000000000000000000000000000000000000000000000000000000000000000000000000000000000000000000000000000000000000000000000000000000000000000000000000000000000000000000000000000000000000000000000000000000000000000000000000000000000000000000000000000000000000000000000000000000000000000001111111111111111000000000000000000000000000000000000000000000000000000000000000000000000000000000000000000000000000000000000000000000000000000000000000000000000
00000000000000000000000000000000000000000000000000000000000000000000000000000000000000000000000000000000000000000000000000000000000000000000000000000000000000000000000000000000000000000000000000000000000000000000000000000000000000000000000000000000000000000000000000000000000000000000000000000000000000000000000000000000000000000000000000000000000000000000000000000000111111111111111100000000000000000000000000000000000000000000000000000000000000000000000000000000000000000000000000000000000000000000000000000000
00000000000000000000000000000000000000000000000000000000000000000000000000000000000000000000000000000000000000000000000000000000000000000000000000000000000000000000000000000000000000000000000000000000000000000000000000000000000000000000000000000000000000000000000000000000000000000000000000000000000000000000000000000000000000000000000000000000000000000000000000000000000000000000000011111111111111110000000000000000000000000000000000000000000000000000000000000000000000000000000000000000000000000000000000000000
00000000000000000000000000000000000000000000000000000000000000000000000000000000000000000000000000000000000000000000000000000000000000000000000000000000000000000000000000000000000000000000000000000000000000000000000000000000000000000000000000000000000000000000000000000000000000000000000000000000000000000000000000000000000000000000000000000000000000000000000000000000000000000000000000000000000000001111111111111111000000000000000000000000000000000000000000000000000000000000000000000000000000000000000000000000
00000000000000000000000000000000000000000000000000000000000000000000000000000000000000000000000000000000000000000000000000000000000000000000000000000000000000000000000000000000000000000000000000000000000000000000000000000000000000000000000000000000000000000000000000000000000000000000000000000000000000000000000000000000000000000000000000000000000000000000000000000000000000000000000000000000000000000000000000000000111111111111111100000000000000000000000000000000000000000000000000000000000000000000000000000000
00000000000000000000000000000000000000000000000000000000000000000000000000000000000000000000000000000000000000000000000000000000000000000000000000000000000000000000000000000000000000000000000000000000000000000000000000000000000000000000000000000000000000000000000000000000000000000000000000000000000000000000000000000000000000000000000000000000000000000000000000000000000000000000000000000000000000000000000000000000000000000000000011111111111111110000000000000000000000000000000000000000000000000000000000000000
00000000000000000000000000000000000000000000000000000000000000000000000000000000000000000000000000000000000000000000000000000000000000000000000000000000000000000000000000000000000000000000000000000000000000000000000000000000000000000000000000000000000000000000000000000000000000000000000000000000000000000000000000000000000000000000000000000000000000000000000000000000000000000000000000000000000000000000000000000000000000000000000000000000000000001111111111111111000000000000000000000000000000000000000000000000
00000000000000000000000000000000000000000000000000000000000000000000000000000000000000000000000000000000000000000000000000000000000000000000000000000000000000000000000000000000000000000000000000000000000000000000000000000000000000000000000000000000000000000000000000000000000000000000000000000000000000000000000000000000000000000000000000000000000000000000000000000000000000000000000000000000000000000000000000000000000000000000000000000000000000000000000000000000111111111111111100000000000000000000000000000000
00000000000000000000000000000000000000000000000000000000000000000000000000000000000000000000000000000000000000000000000000000000000000000000000000000000000000000000000000000000000000000000000000000000000000000000000000000000000000000000000000000000000000000000000000000000000000000000000000000000000000000000000000000000000000000000000000000000000000000000000000000000000000000000000000000000000000000000000000000000000000000000000000000000000000000000000000000000000000000000000011111111111111110000000000000000
00000000000000000000000000000000000000000000000000000000000000000000000000000000000000000000000000000000000000000000000000000000000000000000000000000000000000000000000000000000000000000000000000000000000000000000000000000000000000000000000000000000000000000000000000000000000000000000000000000000000000000000000000000000000000000000000000000000000000000000000000000000000000000000000000000000000000000000000000000000000000000000000000000000000000000000000000000000000000000000000000000000000000001111111111111111
01011010010011010101101001001101010110100100110101011010010011010101101001001101010110100100110101011010010011010101101001001101010110100100110101011010010011010101101001001101010110100100110101011010010011010101101001001101010110100100110101011010010011010000000000000000000000000000000000000000000000000000000000000000000000000000000000000000000000000000000000000000000000000000000000000000000000000000000000000000000000000000000000000000000000000000000000000000000000000000000000000000000000000000000000000000
00100101110011010010010111001101001001011100110100100101110011010010010111001101001001011100110100100101110011010010010111001101001001011100110100100101110011010010010111001101001001011100110100100101110011010010010111001101001001011100110100100101110011010000000000000000000000000000000000000000000000000000000000000000000000000000000000000000000000000000000000000000000000000000000000000000000000000000000000000000000000000000000000000000000000000000000000000000000000000000000000000000000000000000000000000000
00010110101010110001011010101011000101101010101100010110101010110001011010101011000101101010101100010110101010110001011010101011000101101010101100010110101010110001011010101011000101101010101100010110101010110001011010101011000101101010101100010110101010110000000000000000000000000000000000000000000000000000000000000000000000000000000000000000000000000000000000000000000000000000000000000000000000000000000000000000000000000000000000000000000000000000000000000000000000000000000000000000000000000000000000000000
00001011100101110000101110010111000010111001011100001011100101110000101110010111000010111001011100001011100101110000101110010111000010111001011100001011100101110000101110010111000010111001011100001011100101110000101110010111000010111001011100001011100101110000000000000000000000000000000000000000000000000000000000000000000000000000000000000000000000000000000000000000000000000000000000000000000000000000000000000000000000000000000000000000000000000000000000000000000000000000000000000000000000000000000000000000
00000000000000000000000000000000000000000000000000000000000000000000000000000000000000000000000000000000000000000000000000000000000000000000000000000000000000000000000000000000000000000000000000000000000000000000000000000000000000000000000000000000000000000101101001001101010110100100110101011010010011010101101001001101010110100100110101011010010011010101101001001101010110100100110101011010010011010101101001001101010110100100110101011010010011010101101001001101010110100100110101011010010011010101101001001101
00000000000000000000000000000000000000000000000000000000000000000000000000000000000000000000000000000000000000000000000000000000000000000000000000000000000000000000000000000000000000000000000000000000000000000000000000000000000000000000000000000000000000000010010111001101001001011100110100100101110011010010010111001101001001011100110100100101110011010010010111001101001001011100110100100101110011010010010111001101001001011100110100100101110011010010010111001101001001011100110100100101110011010010010111001101
00000000000000000000000000000000000000000000000000000000000000000000000000000000000000000000000000000000000000000000000000000000000000000000000000000000000000000000000000000000000000000000000000000000000000000000000000000000000000000000000000000000000000000001011010101011000101101010101100010110101010110001011010101011000101101010101100010110101010110001011010101011000101101010101100010110101010110001011010101011000101101010101100010110101010110001011010101011000101101010101100010110101010110001011010101011
00000000000000000000000000000000000000000000000000000000000000000000000000000000000000000000000000000000000000000000000000000000000000000000000000000000000000000000000000000000000000000000000000000000000000000000000000000000000000000000000000000000000000000000101110010111000010111001011100001011100101110000101110010111000010111001011100001011100101110000101110010111000010111001011100001011100101110000101110010111000010111001011100001011100101110000101110010111000010111001011100001011100101110000101110010111
10000000001111101010011011011000001100111100110010111001010010101011110000011001101011001011010010110101011100001010001111101101101101000001010000100100101110110010001110011000100101010010010000010011000110011000100000101110000000000000000000000000000000001000000000111110101001101101100000110011110011001011100101001010101111000001100110101100101101001011010101110000101000111110110110110100000101000010010010111011001000111001100010010101001001000001001100011001100010000010111000000000000000000000000000000000
11011000001001111001101111100000100111110011011000010100000000110011010010001111001110000111110000110110001110101011111100110100000110001010101010011011000111001000111100101100100110101100010110101110111100010000001111001001101000000000000000000000000000001101100000100111100110111110000010011111001101100001010000000011001101001000111100111000011111000011011000111010101111110011010000011000101010101001101100011100100011110010110010011010110001011010111011110001000000111100100110100000000000000000000000000000
00011000001110011010100111111001001010010001111110001111110011010010111011011000000011001011110100110001101111000010101010100001000011101001101100101100101111000010110010001001001000101101011100010110001100101011100111000100100100000000000000000000000000000001100000111001101010011111100100101001000111111000111111001101001011101101100000001100101111010011000110111100001010101010000100001110100110110010110010111100001011001000100100100010110101110001011000110010101110011100010010010000000000000000000000000000
01000000000110101000011000001110001111111000001000110101000111101001000011100100100100010110000100111110001111100001000110010101101111001100001010001010001100010001110000011100100001011011110000110110110011110000000110100001000011000000000000000000000000000100000000011010100001100000111000111111100000100011010100011110100100001110010010010001011000010011111000111110000100011001010110111100110000101000101000110001000111000001110010000101101111000011011011001111000000011010000100001100000000000000000000000000
00001000001110110010110010100010001101001111100010110101011001001011111000011011100001101100111000101101010101100011010101101100101000110100011110101100011000110011010000100011001000010111001010110011101000011001101111001101000010100000000000000000000000000000100000111011001011001010001000110100111110001011010101100100101111100001101110000110110011100010110101010110001101010110110010100011010001111010110001100011001101000010001100100001011100101011001110100001100110111100110100001010000000000000000000000000
01111000000010011000010011000000001111001110000100110101101001010001110001111001101010101101111010010101011001010010011110101100000101110000101010101100001100001010100111100111000000000001110100011000000110000001101111010100100000010000000000000000000000000111100000001001100001001100000000111100111000010011010110100101000111000111100110101010110111101001010101100101001001111010110000010111000010101010110000110000101010011110011100000000000111010001100000011000000110111101010010000001000000000000000000000000
01100000000100010000010100001001100101000010010100010111000100011010100000111101101000011010010000011001100010100001010000111111001110101010010100100000101010000001111110100010100111110010110100001001001001000000011011111100000010001000000000000000000000000110000000010001000001010000100110010100001001010001011100010001101010000011110110100001101001000001100110001010000101000011111100111010101001010010000010101000000111111010001010011111001011010000100100100100000001101111110000001000100000000000000000000000
10100000001100111001111110010000001010010001111100010101011010110010111000011101101111101010110000010111110111101000011000011100100011111111100010011010001010111010010011100110000111000111010110101011000001001000001000001001000010000100000000000000000000001010000000110011100111111001000000101001000111110001010101101011001011100001110110111110101011000001011111011110100001100001110010001111111110001001101000101011101001001110011000011100011101011010101100000100100000100000100100001000010000000000000000000000
01101000001011110010010110110101000100111011101010010001011000011010111010010001101000010001000010110010110111101000010100111000001000011110111000001001011110110000010011000001000010100110010110001011000111010010110111110000000010000010000000000000000000000110100000101111001001011011010100010011101110101001000101100001101011101001000110100001000100001011001011011110100001010011100000100001111011100000100101111011000001001100000100001010011001011000101100011101001011011111000000001000001000000000000000000000
00100000001110001000000101000010101111110011100000111100001101010001000111010100101100001010010010010100010100010010011010110000100000111001001010111100100000110010111100011100100011000111000010111110111011100010101011001101000010000001000000000000000000000010000000111000100000010100001010111111001110000011110000110101000100011101010010110000101001001001010001010001001001101011000010000011100100101011110010000011001011110001110010001100011100001011111011101110001010101100110100001000000100000000000000000000
11111000001111011000100111111101100000100110111110001000110000000010101011101001001001001011101100000011100010000011011001111101001010011000010110010101001000010000001101011010000000011100100010110110100010101000000000000100100000000000100000000000000000001111100000111101100010011111110110000010011011111000100011000000001010101110100100100100101110110000001110001000001101100111110100101001100001011001010100100001000000110101101000000001110010001011011010001010100000000000010010000000000010000000000000000000
00110000000001011011010110111010001101110010110000101000010100111000011000001000001010000111111010000111111110101010111111000000000111000111100100000111010001100001101010111100001001100111010110110100111010001011111010000100000010000000010000000000000000000011000000000101101101011011101000110111001011000010100001010011100001100000100000101000011111101000011111111010101011111100000000011100011110010000011101000110000110101011110000100110011101011011010011101000101111101000010000001000000001000000000000000000
01101000001100101010101111111110101110001110000100110010011011100011111000111000100001100000110100100111000110001010000011001010000001101101100000100011100110000010111001010101001101101101010000101100001011110000101111001101000010000000001000000000000000000110100000110010101010111111111010111000111000010011001001101110001111100011100010000110000011010010011100011000101000001100101000000110110110000010001110011000001011100101010100110110110101000010110000101111000010111100110100001000000000100000000000000000
10011000000100001011010010011010001111110000000000110011110001101000000100000110001011010011011010110011111010100011001111110101001010110001011110000110000000010001110111110101100100110111110110010011001001111001100100011000100000000000000100000000000000001001100000010000101101001001101000111111000000000011001111000110100000010000011000101101001101101011001111101010001100111111010100101011000101111000011000000001000111011111010110010011011111011001001100100111100110010001100010000000000000010000000000000000
11101000001100110011011111000100000001110001001100000100010100011010001001010100000110100010010100000011000000110001011000110010100000111011001100010100011010101011011101011001101101111111111100111110110000011010110110110101100010000000000010100000000000001110100000110011001101111100010000000111000100110000010001010001101000100101010000011010001001010000001100000011000101100011001010000011101100110001010001101010101101110101100110110111111111110011111011000001101011011011010110001000000000001010000000000000
10110000000001110001010110111001101001110001011000110010110101010000011110011110100111000100000110010001100000000010011101100011000101001000011110010110000011111001110001000111001011111110010100101011011101000000010111011101100010000000000010010000000000001011000000000111000101011011100110100111000101100011001011010101000001111001111010011100010000011001000110000000001001110110001100010100100001111001011000001111100111000100011100101111111001010010101101110100000001011101110110001000000000001001000000000000
10011000000100001010001110100011100001011100111000110001010000111010101001000010101100111101001100010111110001100011000101011011100100111011110110110100110000001001100010100010001101101110011100011011110000111000110110001000000000000000000010001000000000001001100000010000101000111010001110000101110011100011000101000011101010100100001010110011110100110001011111000110001100010101101110010011101111011011010011000000100110001010001000110110111001110001101111000011100011011000100000000000000000001000100000000000
00000000001001110001000100011101100010001011011100111111100000100010101001101011100110011010011010011010110110111001000010000111101000101001010000001110011101010011011000101101000010100111101110011010000010100010100110001001000000000000000010000100000000000000000000100111000100010001110110001000101101110011111110000010001010100110101110011001101001101001101011011011100100001000011110100010100101000000111001110101001101100010110100001010011110111001101000001010001010011000100100000000000000001000010000000000
10110000000100111000010100101001000000001000111000100101100000110000010011101100000111111011101010011110010011110010110001101000100010011010001010101110100100101000011100011011000001111101000000001010111010110001001100011001000000000000000010000010000000001011000000010011100001010010100100000000100011100010010110000011000001001110110000011111101110101001111001001111001011000110100010001001101000101010111010010010100001110001101100000111110100000000101011101011000100110001100100000000000000001000001000000000
11101000001001000010101001110000101010001001001000101110101100011010111001010100001000011011000110000011001010010001010100010101000110001000011110110111010100001000101110110010101101100010010110000000001000001000011100011000000000000000000010000001000000001110100000100100001010100111000010101000100100100010111010110001101011100101010000100001101100011000001100101001000101010001010100011000100001111011011101010000100010111011001010110110001001011000000000100000100001110001100000000000000000001000000100000000
11101000000100010010110110011010001001110001100000111110011011101011111111101100001100101111110100111011000011100000000010001011101101101000110010101101001001100011101001001101001100010001101000111110110110011000001110100100000000000000000010000000100000001110100000010001001011011001101000100111000110000011111001101110101111111110110000110010111111010011101100001110000000001000101110110110100011001010110100100110001110100100110100110001000110100011111011011001100000111010010000000000000000001000000010000000
10000000000110100010010010010000001000101110101110101000010101000011101110110000000010100110001110011111111010001000100111111000001000100001111010010100110011100010101100101101101100100011000010110000010001011001000011010100100010000000000010000000010000001000000000011010001001001001000000100010111010111010100001010100001110111011000000001010011000111001111111101000100010011111100000100010000111101001010011001110001010110010110110110010001100001011000001000101100100001101010010001000000000001000000001000000
10001000001101010001110100110000001010101000011010110101001110110010000101001011100101000110101100110110001110100010101111100111101111110010110000000001010100010000000111011010100011011110100000111000000110010010100000111100000000000000000010000000001000001000100000110101000111010011000000101010100001101011010100111011001000010100101110010100011010110011011000111010001010111110011110111111001011000000000101010001000000011101101010001101111010000011100000011001001010000011110000000000000000001000000000100000
11001000001110001001010011100011100001110111000100000010101101010011101001000100001001101010110110110000111000000000101001111110001010111000101100010001011001010001000000110111100010101100111010000100101110000000111001000000100010000000000010000000000100001100100000111000100101001110001110000111011100010000001010110101001110100100010000100110101011011011000011100000000010100111111000101011100010110001000101100101000100000011011110001010110011101000010010111000000011100100000010001000000000001000000000010000
10101000000010111001100011110100000000111001100110000001000000111000001001001101000101100101111010010011000000001001100111011011000001100010000110001111101010110001011011011111100001101010100010011101111100101010110101001001100010000000000010000000000010001010100000001011100110001111010000000011100110011000000100000011100000100100110100010110010111101001001100000000100110011101101100000110001000011000111110101011000101101101111110000110101010001001110111110010101011010100100110001000000000001000000000001000
00101000001110010010011001000011000100110011001000100101110011010010001011001111100101110000001000111110101111111010010100101011101100101001101000001110001011111011001100101001001001000101000000001001000000111010010101101001000000000000000010000000000001000010100000111001001001100100001100010011001100100010010111001101001000101100111110010111000000100011111010111111101001010010101110110010100110100000111000101111101100110010100100100100010100000000100100000011101001010110100100000000000000001000000000000100
11110000000100011000011110100011101111101100110010001011011011000000000101010010001000100100110110111101101011000010100111101100101010100000001100010011011000011010001100011000001111111110000110011101001100011001001010111100000000000000000010000000000000101111000000010001100001111010001110111110110011001000101101101100000000010101001000100010010011011011110110101100001010011110110010101010000000110001001101100001101000110001100000111111111000011001110100110001100100101011110000000000000000001000000000000010
11011000000010010001111001001000101011011001100010011011110100000011000001010101000010001110101000000011100010000010010111111101101100111111001010000100001010000000101110011110001111010010010100000110101000001001010000000001000000000000000010000000000000011101100000001001000111100100100010101101100110001001101111010000001100000101010100001000111010100000001110001000001001011111110110110011111100101000010000101000000010111001111000111101001001010000011010100000100101000000000100000000000000001000000000000001

X checks
11111111111111110000000000000000000000000000000000000000000000000000000000000000000000000000000000000000000000000000000000000000000000000000000000000000000000000000000000000000000000000000000000000000000000000000000000000000000000000000000000000000000000000000000000000000000000000000000000000000000000000000000000000000000000000000000000000000000000000000000000000000000000000000000000000000000000000000000000000000000000000000000000000000000000000000000000000000000000000000000000000000000000000000000000000000
00000000000000001111111111111111000000000000000000000000000000000000000000000000000000000000000000000000000000000000000000000000000000000000000000000000000000000000000000000000000000000000000000000000000000000000000000000000000000000000000000000000000000000000000000000000000000000000000000000000000000000000000000000000000000000000000000000000000000000000000000000000000000000000000000000000000000000000000000000000000000000000000000000000000000000000000000000000000000000000000000000000000000000000000000000000
00000000000000000000000000000000111111111111111100000000000000000000000000000000000000000000000000000000000000000000000000000000000000000000000000000000000000000000000000000000000000000000000000000000000000000000000000000000000000000000000000000000000000000000000000000000000000000000000000000000000000000000000000000000000000000000000000000000000000000000000000000000000000000000000000000000000000000000000000000000000000000000000000000000000000000000000000000000000000000000000000000000000000000000000000000000
00000000000000000000000000000000000000000000000011111111111111110000000000000000000000000000000000000000000000000000000000000000000000000000000000000000000000000000000000000000000000000000000000000000000000000000000000000000000000000000000000000000000000000000000000000000000000000000000000000000000000000000000000000000000000000000000000000000000000000000000000000000000000000000000000000000000000000000000000000000000000000000000000000000000000000000000000000000000000000000000000000000000000000000000000000000
00000000000000000000000000000000000000000000000000000000000000001111111111111111000000000000000000000000000000000000000000000000000000000000000000000000000000000000000000000000000000000000000000000000000000000000000000000000000000000000000000000000000000000000000000000000000000000000000000000000000000000000000000000000000000000000000000000000000000000000000000000000000000000000000000000000000000000000000000000000000000000000000000000000000000000000000000000000000000000000000000000000000000000000000000000000
00000000000000000000000000000000000000000000000000000000000000000000000000000000111111111111111100000000000000000000000000000000000000000000000000000000000000000000000000000000000000000000000000000000000000000000000000000000000000000000000000000000000000000000000000000000000000000000000000000000000000000000000000000000000000000000000000000000000000000000000000000000000000000000000000000000000000000000000000000000000000000000000000000000000000000000000000000000000000000000000000000000000000000000000000000000
00000000000000000000000000000000000000000000000000000000000000000000000000000000000000000000000011111111111111110000000000000000000000000000000000000000000000000000000000000000000000000000000000000000000000000000000000000000000000000000000000000000000000000000000000000000000000000000000000000000000000000000000000000000000000000000000000000000000000000000000000000000000000000000000000000000000000000000000000000000000000000000000000000000000000000000000000000000000000000000000000000000000000000000000000000000
00000000000000000000000000000000000000000000000000000000000000000000000000000000000000000000000000000000000000001111111111111111000000000000000000000000000000000000000000000000000000000000000000000000000000000000000000000000000000000000000000000000000000000000000000000000000000000000000000000000000000000000000000000000000000000000000000000000000000000000000000000000000000000000000000000000000000000000000000000000000000000000000000000000000000000000000000000000000000000000000000000000000000000000000000000000
00000000000000000000000000000000000000000000000000000000000000000000000000000000000000000000000000000000000000000000000000000000111111111111111100000000000000000000000000000000000000000000000000000000000000000000000000000000000000000000000000000000000000000000000000000000000000000000000000000000000000000000000000000000000000000000000000000000000000000000000000000000000000000000000000000000000000000000000000000000000000000000000000000000000000000000000000000000000000000000000000000000000000000000000000000000
00000000000000000000000000000000000000000000000000000000000000000000000000000000000000000000000000000000000000000000000000000000000000000000000011111111111111110000000000000000000000000000000000000000000000000000000000000000000000000000000000000000000000000000000000000000000000000000000000000000000000000000000000000000000000000000000000000000000000000000000000000000000000000000000000000000000000000000000000000000000000000000000000000000000000000000000000000000000000000000000000000000000000000000000000000000
00000000000000000000000000000000000000000000000000000000000000000000000000000000000000000000000000000000000000000000000000000000000000000000000000000000000000001111111111111111000000000000000000000000000000000000000000000000000000000000000000000000000000000000000000000000000000000000000000000000000000000000000000000000000000000000000000000000000000000000000000000000000000000000000000000000000000000000000000000000000000000000000000000000000000000000000000000000000000000000000000000000000000000000000000000000
00000000000000000000000000000000000000000000000000000000000000000000000000000000000000000000000000000000000000000000000000000000000000000000000000000000000000000000000000000000111111111111111100000000000000000000000000000000000000000000000000000000000000000000000000000000000000000000000000000000000000000000000000000000000000000000000000000000000000000000000000000000000000000000000000000000000000000000000000000000000000000000000000000000000000000000000000000000000000000000000000000000000000000000000000000000
00000000000000000000000000000000000000000000000000000000000000000000000000000000000000000000000000000000000000000000000000000000000000000000000000000000000000000000000000000000000000000000000011111111111111110000000000000000000000000000000000000000000000000000000000000000000000000000000000000000000000000000000000000000000000000000000000000000000000000000000000000000000000000000000000000000000000000000000000000000000000000000000000000000000000000000000000000000000000000000000000000000000000000000000000000000
00000000000000000000000000000000000000000000000000000000000000000000000000000000000000000000000000000000000000000000000000000000000000000000000000000000000000000000000000000000000000000000000000000000000000001111111111111111000000000000000000000000000000000000000000000000000000000000000000000000000000000000000000000000000000000000000000000000000000000000000000000000000000000000000000000000000000000000000000000000000000000000000000000000000000000000000000000000000000000000000000000000000000000000000000000000
00000000000000000000000000000000000000000000000000000000000000000000000000000000000000000000000000000000000000000000000000000000000000000000000000000000000000000000000000000000000000000000000000000000000000000000000000000000111111111111111100000000000000000000000000000000000000000000000000000000000000000000000000000000000000000000000000000000000000000000000000000000000000000000000000000000000000000000000000000000000000000000000000000000000000000000000000000000000000000000000000000000000000000000000000000000
00000000000000000000000000000000000000000000000000000000000000000000000000000000000000000000000000000000000000000000000000000000000000000000000000000000000000000000000000000000000000000000000000000000000000000000000000000000000000000000000011111111111111110000000000000000000000000000000000000000000000000000000000000000000000000000000000000000000000000000000000000000000000000000000000000000000000000000000000000000000000000000000000000000000000000000000000000000000000000000000000000000000000000000000000000000
00000000000000000000000000000000000000000000000000000000000000000000000000000000000000000000000000000000000000000000000000000000000000000000000000000000000000000000000000000000000000000000000000000000000000000000000000000000000000000000000000000000000000001111111111111111000000000000000000000000000000000000000000000000000000000000000000000000000000000000000000000000000000000000000000000000000000000000000000000000000000000000000000000000000000000000000000000000000000000000000000000000000000000000000000000000
00000000000000000000000000000000000000000000000000000000000000000000000000000000000000000000000000000000000000000000000000000000000000000000000000000000000000000000000000000000000000000000000000000000000000000000000000000000000000000000000000000000000000000000000000000000111111111111111100000000000000000000000000000000000000000000000000000000000000000000000000000000000000000000000000000000000000000000000000000000000000000000000000000000000000000000000000000000000000000000000000000000000000000000000000000000
00000000000000000000000000000000000000000000000000000000000000000000000000000000000000000000000000000000000000000000000000000000000000000000000000000000000000000000000000000000000000000000000000000000000000000000000000000000000000000000000000000000000000000000000000000000000000000000000011111111111111110000000000000000000000000000000000000000000000000000000000000000000000000000000000000000000000000000000000000000000000000000000000000000000000000000000000000000000000000000000000000000000000000000000000000000
00000000000000000000000000000000000000000000000000000000000000000000000000000000000000000000000000000000000000000000000000000000000000000000000000000000000000000000000000000000000000000000000000000000000000000000000000000000000000000000000000000000000000000000000000000000000000000000000000000000000000001111111111111111000000000000000000000000000000000000000000000000000000000000000000000000000000000000000000000000000000000000000000000000000000000000000000000000000000000000000000000000000000000000000000000000
00000000000000000000000000000000000000000000000000000000000000000000000000000000000000000000000000000000000000000000000000000000000000000000000000000000000000000000000000000000000000000000000000000000000000000000000000000000000000000000000000000000000000000000000000000000000000000000000000000000000000000000000000000000111111111111111100000000000000000000000000000000000000000000000000000000000000000000000000000000000000000000000000000000000000000000000000000000000000000000000000000000000000000000000000000000
00000000000000000000000000000000000000000000000000000000000000000000000000000000000000000000000000000000000000000000000000000000000000000000000000000000000000000000000000000000000000000000000000000000000000000000000000000000000000000000000000000000000000000000000000000000000000000000000000000000000000000000000000000000000000000000000011111111111111110000000000000000000000000000000000000000000000000000000000000000000000000000000000000000000000000000000000000000000000000000000000000000000000000000000000000000
00000000000000000000000000000000000000000000000000000000000000000000000000000000000000000000000000000000000000000000000000000000000000000000000000000000000000000000000000000000000000000000000000000000000000000000000000000000000000000000000000000000000000000000000000000000000000000000000000000000000000000000000000000000000000000000000000000000000000001111111111111111000000000000000000000000000000000000000000000000000000000000000000000000000000000000000000000000000000000000000000000000000000000000000000000000
00000000000000000000000000000000000000000000000000000000000000000000000000000000000000000000000000000000000000000000000000000000000000000000000000000000000000000000000000000000000000000000000000000000000000000000000000000000000000000000000000000000000000000000000000000000000000000000000000000000000000000000000000000000000000000000000000000000000000000000000000000000111111111111111100000000000000000000000000000000000000000000000000000000000000000000000000000000000000000000000000000000000000000000000000000000
00000000000000000000000000000000000000000000000000000000000000000000000000000000000000000000000000000000000000000000000000000000000000000000000000000000000000000000000000000000000000000000000000000000000000000000000000000000000000000000000000000000000000000000000000000000000000000000000000000000000000000000000000000000000000000000000000000000000000000000000000000000000000000000000011111111111111110000000000000000000000000000000000000000000000000000000000000000000000000000000000000000000000000000000000000000
00000000000000000000000000000000000000000000000000000000000000000000000000000000000000000000000000000000000000000000000000000000000000000000000000000000000000000000000000000000000000000000000000000000000000000000000000000000000000000000000000000000000000000000000000000000000000000000000000000000000000000000000000000000000000000000000000000000000000000000000000000000000000000000000000000000000000001111111111111111000000000000000000000000000000000000000000000000000000000000000000000000000000000000000000000000
00000000000000000000000000000000000000000000000000000000000000000000000000000000000000000000000000000000000000000000000000000000000000000000000000000000000000000000000000000000000000000000000000000000000000000000000000000000000000000000000000000000000000000000000000000000000000000000000000000000000000000000000000000000000000000000000000000000000000000000000000000000000000000000000000000000000000000000000000000000111111111111111100000000000000000000000000000000000000000000000000000000000000000000000000000000
00000000000000000000000000000000000000000000000000000000000000000000000000000000000000000000000000000000000000000000000000000000000000000000000000000000000000000000000000000000000000000000000000000000000000000000000000000000000000000000000000000000000000000000000000000000000000000000000000000000000000000000000000000000000000000000000000000000000000000000000000000000000000000000000000000000000000000000000000000000000000000000000011111111111111110000000000000000000000000000000000000000000000000000000000000000
00000000000000000000000000000000000000000000000000000000000000000000000000000000000000000000000000000000000000000000000000000000000000000000000000000000000000000000000000000000000000000000000000000000000000000000000000000000000000000000000000000000000000000000000000000000000000000000000000000000000000000000000000000000000000000000000000000000000000000000000000000000000000000000000000000000000000000000000000000000000000000000000000000000000000001111111111111111000000000000000000000000000000000000000000000000
00000000000000000000000000000000000000000000000000000000000000000000000000000000000000000000000000000000000000000000000000000000000000000000000000000000000000000000000000000000000000000000000000000000000000000000000000000000000000000000000000000000000000000000000000000000000000000000000000000000000000000000000000000000000000000000000000000000000000000000000000000000000000000000000000000000000000000000000000000000000000000000000000000000000000000000000000000000111111111111111100000000000000000000000000000000
00000000000000000000000000000000000000000000000000000000000000000000000000000000000000000000000000000000000000000000000000000000000000000000000000000000000000000000000000000000000000000000000000000000000000000000000000000000000000000000000000000000000000000000000000000000000000000000000000000000000000000000000000000000000000000000000000000000000000000000000000000000000000000000000000000000000000000000000000000000000000000000000000000000000000000000000000000000000000000000000011111111111111110000000000000000
00000000000000000000000000000000000000000000000000000000000000000000000000000000000000000000000000000000000000000000000000000000000000000000000000000000000000000000000000000000000000000000000000000000000000000000000000000000000000000000000000000000000000000000000000000000000000000000000000000000000000000000000000000000000000000000000000000000000000000000000000000000000000000000000000000000000000000000000000000000000000000000000000000000000000000000000000000000000000000000000000000000000000001111111111111111
11011010010011001101101001001100110110100100110011011010010011001101101001001100110110100100110011011010010011001101101001001100110110100100110011011010010011001101101001001100110110100100110011011010010011001101101001001100110110100100110011011010010011000000000000000000000000000000000000000000000000000000000000000000000000000000000000000000000000000000000000000000000000000000000000000000000000000000000000000000000000000000000000000000000000000000000000000000000000000000000000000000000000000000000000000000
10100101110011001010010111001100101001011100110010100101110011001010010111001100101001011100110010100101110011001010010111001100101001011100110010100101110011001010010111001100101001011100110010100101110011001010010111001100101001011100110010100101110011000000000000000000000000000000000000000000000000000000000000000000000000000000000000000000000000000000000000000000000000000000000000000000000000000000000000000000000000000000000000000000000000000000000000000000000000000000000000000000000000000000000000000000
10010110101010101001011010101010100101101010101010010110101010101001011010101010100101101010101010010110101010101001011010101010100101101010101010010110101010101001011010101010100101101010101010010110101010101001011010101010100101101010101010010110101010100000000000000000000000000000000000000000000000000000000000000000000000000000000000000000000000000000000000000000000000000000000000000000000000000000000000000000000000000000000000000000000000000000000000000000000000000000000000000000000000000000000000000000
10001011100101101000101110010110100010111001011010001011100101101000101110010110100010111001011010001011100101101000101110010110100010111001011010001011100101101000101110010110100010111001011010001011100101101000101110010110100010111001011010001011100101100000000000000000000000000000000000000000000000000000000000000000000000000000000000000000000000000000000000000000000000000000000000000000000000000000000000000000000000000000000000000000000000000000000000000000000000000000000000000000000000000000000000000000
00000000000000000000000000000000000000000000000000000000000000000000000000000000000000000000000000000000000000000000000000000000000000000000000000000000000000000000000000000000000000000000000000000000000000000000000000000000000000000000000000000000000000001101101001001100110110100100110011011010010011001101101001001100110110100100110011011010010011001101101001001100110110100100110011011010010011001101101001001100110110100100110011011010010011001101101001001100110110100100110011011010010011001101101001001100
00000000000000000000000000000000000000000000000000000000000000000000000000000000000000000000000000000000000000000000000000000000000000000000000000000000000000000000000000000000000000000000000000000000000000000000000000000000000000000000000000000000000000001010010111001100101001011100110010100101110011001010010111001100101001011100110010100101110011001010010111001100101001011100110010100101110011001010010111001100101001011100110010100101110011001010010111001100101001011100110010100101110011001010010111001100
00000000000000000000000000000000000000000000000000000000000000000000000000000000000000000000000000000000000000000000000000000000000000000000000000000000000000000000000000000000000000000000000000000000000000000000000000000000000000000000000000000000000000001001011010101010100101101010101010010110101010101001011010101010100101101010101010010110101010101001011010101010100101101010101010010110101010101001011010101010100101101010101010010110101010101001011010101010100101101010101010010110101010101001011010101010
00000000000000000000000000000000000000000000000000000000000000000000000000000000000000000000000000000000000000000000000000000000000000000000000000000000000000000000000000000000000000000000000000000000000000000000000000000000000000000000000000000000000000001000101110010110100010111001011010001011100101101000101110010110100010111001011010001011100101101000101110010110100010111001011010001011100101101000101110010110100010111001011010001011100101101000101110010110100010111001011010001011100101101000101110010110
00000111001111100110011011011000001100111100110001111001010010100111110000011001011011001011010001110101011100000110001111101101011101000001010000100100101110110010001110011000010101010010010000010011000110010100100000101110000000000000000000000000000000000000011100111110011001101101100000110011110011000111100101001010011111000001100101101100101101000111010101110000011000111110110101110100000101000010010010111011001000111001100001010101001001000001001100011001010010000010111000000000000000000000000000000000
00000111011001110101101111100000010111110011011000010100000000110011010010001111001110000111110000110110001110100111111100110100000110001010101001011011000111000100111100101100010110101100010101101110111100010000001111001001011000000000000000000000000000000000011101100111010110111110000001011111001101100001010000000011001101001000111100111000011111000011011000111010011111110011010000011000101010100101101100011100010011110010110001011010110001010110111011110001000000111100100101100000000000000000000000000000
00000010101110010110100111111001001010010001111101001111110011010010111011011000000011001011110100110001101111000010101010100001000011101001101100101100101111000010110010001001001000101101011100010110001100100111100111000100010100000000000000000000000000000000001010111001011010011111100100101001000111110100111111001101001011101101100000001100101111010011000110111100001010101010000100001110100110110010110010111100001011001000100100100010110101110001011000110010011110011100010001010000000000000000000000000000
00000000100110100100011000001110001111111000001000110101000111100101000011100100010100010110000100111110001111100001000110010101011111001100001001001010001100010001110000011100010001011011110000110110110011110000000110100001000011000000000000000000000000000000000010011010010001100000111000111111100000100011010100011110010100001110010001010001011000010011111000111110000100011001010101111100110000100100101000110001000111000001110001000101101111000011011011001111000000011010000100001100000000000000000000000000
00000110011110110010110010100010001101001111100001110101011001000111111000011011010001101100111000101101010101100011010101101100011000110100011101101100011000110011010000100011001000010111001001110011101000010101101111001101000010100000000000000000000000000000011001111011001011001010001000110100111110000111010101100100011111100001101101000110110011100010110101010110001101010110110001100011010001110110110001100011001101000010001100100001011100100111001110100001010110111100110100001010000000000000000000000000
00000000000010010100010011000000001111001110000100110101101001010001110001111001011010101101111001010101011001010010011110101100000101110000101001101100001100000110100111100111000000000001110100011000000110000001101111010100010000010000000000000000000000000000000000001001010001001100000000111100111000010011010110100101000111000111100101101010110111100101010101100101001001111010110000010111000010100110110000110000011010011110011100000000000111010001100000011000000110111101010001000001000000000000000000000000
00000010100100010000010100001001010101000010010100010111000100010110100000111101011000011010010000011001100010100001010000111111001110101010010100100000101010000001111110100010010111110010110100001001001001000000011011111100000010001000000000000000000000000000001010010001000001010000100101010100001001010001011100010001011010000011110101100001101001000001100110001010000101000011111100111010101001010010000010101000000111111010001001011111001011010000100100100100000001101111110000001000100000000000000000000000
00000111011100110101111110010000001010010001111100010101011010110010111000011101011111101010110000010111110111100100011000011100010011111111100001011010001010110110010011100110000111000111010101101011000001000100001000001001000010000100000000000000000000000000011101110011010111111001000000101001000111110001010101101011001011100001110101111110101011000001011111011110010001100001110001001111111110000101101000101011011001001110011000011100011101010110101100000100010000100000100100001000010000000000000000000000
00000001001011110010010110110101000100111011101001010001011000010110111010010001011000010001000001110010110111100100010100111000001000011110111000001001011110110000010011000001000010100110010101001011000111010010110111110000000010000010000000000000000000000000000100101111001001011011010100010011101110100101000101100001011011101001000101100001000100000111001011011110010001010011100000100001111011100000100101111011000001001100000100001010011001010100101100011101001011011111000000001000001000000000000000000000
00000101101110000100000101000010011111110011100000111100001101010001000111010100011100001010010001010100010100010010011010110000010000111001001001111100100000110010111100011100010011000111000001111110111011100010101011001101000010000001000000000000000000000000010110111000010000010100001001111111001110000011110000110101000100011101010001110000101001000101010001010001001001101011000001000011100100100111110010000011001011110001110001001100011100000111111011101110001010101100110100001000000100000000000000000000
00000000101111010100100111111101010000100110111101001000110000000010101011101001001001001011101100000011100010000011011001111101001010011000010101010101001000010000001101011010000000011100100001110110100010100100000000000100010000000000100000000000000000000000000010111101010010011111110101000010011011110100100011000000001010101110100100100100101110110000001110001000001101100111110100101001100001010101010100100001000000110101101000000001110010000111011010001010010000000000010001000000000010000000000000000000
00000011000001010111010110111010001101110010110000101000010100110100011000001000001010000111111001000111111110100110111111000000000111000111100100000111010001100001101010111100001001100111010101110100111010000111111010000100000010000000010000000000000000000000001100000101011101011011101000110111001011000010100001010011010001100000100000101000011111100100011111111010011011111100000000011100011110010000011101000110000110101011110000100110011101010111010011101000011111101000010000001000000001000000000000000000
00000110101100100110101111111110011110001110000100110010011011100011111000111000010001100000110100100111000110000110000011001010000001101101100000100011100110000010111001010101001101101101010000101100001011110000101111001101000010000000001000000000000000000000011010110010011010111111111001111000111000010011001001101110001111100011100001000110000011010010011100011000011000001100101000000110110110000010001110011000001011100101010100110110110101000010110000101111000010111100110100001000000000100000000000000000
00000111110100000111010010011010001111110000000000110011110001100100000100000110001011010011011001110011111010100011001111110101001010110001011101000110000000010001110111110101010100110111110101010011001001110101100100011000010000000000000100000000000000000000011111010000011101001001101000111111000000000011001111000110010000010000011000101101001101100111001111101010001100111111010100101011000101110100011000000001000111011111010101010011011111010101001100100111010110010001100001000000000000010000000000000000
00000110001100110011011111000100000001110001001100000100010100010110001001010100000110100010010100000011000000110001011000110010010000111011001100010100011010100111011101011001011101111111111100111110110000010110110110110101010010000000000001100000000000000000011000110011001101111100010000000111000100110000010001010001011000100101010000011010001001010000001100000011000101100011001001000011101100110001010001101010011101110101100101110111111111110011111011000001011011011011010101001000000000000110000000000000
00000100000001110001010110111001011001110001011000110010110101010000011110011110010111000100000101010001100000000010011101100011000101001000011101010110000011110101110001000111001011111110010100101011011101000000010111011101010010000000000001010000000000000000010000000111000101011011100101100111000101100011001011010101000001111001111001011100010000010101000110000000001001110110001100010100100001110101011000001111010111000100011100101111111001010010101101110100000001011101110101001000000000000101000000000000
00000101100100000110001110100011010001011100111000110001010000110110101001000010011100111101001100010111110001100011000101011011010100111011110101110100110000000101100010100010001101101110011100011011110000110100110110001000000000000000000001001000000000000000010110010000011000111010001101000101110011100011000101000011011010100100001001110011110100110001011111000110001100010101101101010011101111010111010011000000010110001010001000110110111001110001101111000011010011011000100000000000000000000100100000000000
00000010011001110001000100011101010010001011011100111111100000100010101001101011010110011010011001011010110110110101000010000111011000101001010000001110011101010011011000101101000010100111101101011010000010100010100110001001000000000000000001000100000000000000001001100111000100010001110101001000101101110011111110000010001010100110101101011001101001100101101011011011010100001000011101100010100101000000111001110101001101100010110100001010011110110101101000001010001010011000100100000000000000000100010000000000
00000001110100110100010100101001000000001000111000100101100000110000010011101100000111111011101001011110010011110010110001101000010010011010001001101110100100100100011100011011000001111101000000001010111010110001001100011001000000000000000001000010000000000000000111010011010001010010100100000000100011100010010110000011000001001110110000011111101110100101111001001111001011000110100001001001101000100110111010010010010001110001101100000111110100000000101011101011000100110001100100000000000000000100001000000000
00000110001001000010101001110000011010001001001000101110101100010110111001010100001000011011000101000011001010010001010100010101000110001000011101110111010100000100101110110010011101100010010101000000001000000100011100011000000000000000000001000001000000000000011000100100001010100111000001101000100100100010111010110001011011100101010000100001101100010100001100101001000101010001010100011000100001110111011101010000010010111011001001110110001001010100000000100000010001110001100000000000000000000100000100000000
00000001100100010010110110011010001001110001100000111110011011100111111111101100001100101111110100111011000011100000000010001011011101101000110001101101001001100011101001001101001100010001101000111110110110010100001110100100000000000000000001000000100000000000000110010001001011011001101000100111000110000011111001101110011111111110110000110010111111010011101100001110000000001000101101110110100011000110110100100110001110100100110100110001000110100011111011011001010000111010010000000000000000000100000010000000
00000111000110100010010010010000001000101110101101101000010101000011101110110000000010100110001101011111111010000100100111111000001000100001111001010100110011100010101100101101011100100011000001110000010001010101000011010100010010000000000001000000010000000000011100011010001001001001000000100010111010110110100001010100001110111011000000001010011000110101111111101000010010011111100000100010000111100101010011001110001010110010110101110010001100000111000001000101010100001101010001001000000000000100000001000000
00000011001101010001110100110000001010101000011001110101001110110010000101001011010101000110101100110110001110100010101111100111011111110010110000000001010100010000000111011010010011011110100000111000000110010010100000111100000000000000000001000000001000000000001100110101000111010011000000101010100001100111010100111011001000010100101101010100011010110011011000111010001010111110011101111111001011000000000101010001000000011101101001001101111010000011100000011001001010000011110000000000000000000100000000100000
00000100001110000101010011100011010001110111000100000010101101010011101001000100001001101010110101110000111000000000101001111110001010111000101100010001011001010001000000110111010010101100111001000100101110000000111001000000010010000000000001000000000100000000010000111000010101001110001101000111011100010000001010110101001110100100010000100110101011010111000011100000000010100111111000101011100010110001000101100101000100000011011101001010110011100100010010111000000011100100000001001000000000000100000000010000
00000110100010110101100011110100000000111001100101000001000000110100001001001101000101100101111001010011000000000101100111011011000001100010000101001111101010110001011011011111010001101010100001011101111100100110110101001001010010000000000001000000000010000000011010001011010110001111010000000011100110010100000100000011010000100100110100010110010111100101001100000000010110011101101100000110001000010100111110101011000101101101111101000110101010000101110111110010011011010100100101001000000000000100000000001000
00000110001110010010011001000011000100110011001000100101110011010010001011001111010101110000001000111110101111110110010100101011011100101001101000001110001011110111001100101001001001000101000000001001000000110110010101101001000000000000000001000000000001000000011000111001001001100100001100010011001100100010010111001101001000101100111101010111000000100011111010111111011001010010101101110010100110100000111000101111011100110010100100100100010100000000100100000011011001010110100100000000000000000100000000000100
00000100100100010100011110100011011111101100110001001011011011000000000101010010001000100100110101111101101011000010100111101100011010100000001100010011011000010110001100011000001111111110000101011101001100010101001010111100000000000000000001000000000000100000010010010001010001111010001101111110110011000100101101101100000000010101001000100010010011010111110110101100001010011110110001101010000000110001001101100001011000110001100000111111111000010101110100110001010100101011110000000000000000000100000000000010
00000111010010010001111001001000011011011001100001011011110100000011000001010101000010001110101000000011100010000010010111111101011100111111001001000100001010000000101110011110001111010010010100000110101000000101010000000001000000000000000001000000000000010000011101001001000111100100100001101101100110000101101111010000001100000101010100001000111010100000001110001000001001011111110101110011111100100100010000101000000010111001111000111101001001010000011010100000010101000000000100000000000000000100000000000001

