Z checks
111111110000000000000000000000000000000000000000000000000000000000000000000000000000000000000000
000000001111111100000000000000000000000000000000000000000000000000000000000000000000000000000000
000000000000000011111111000000000000000000000000000000000000000000000000000000000000000000000000
000000000000000000000000111111110000000000000000000000000000000000000000000000000000000000000000
000000000000000000000000000000001111111100000000000000000000000000000000000000000000000000000000
000000000000000000000000000000000000000011111111000000000000000000000000000000000000000000000000
000000000000000000000000000000000000000000000000111111110000000000000000000000000000000000000000
000000000000000000000000000000000000000000000000000000001111111100000000000000000000000000000000
000000000000000000000000000000000000000000000000000000000000000011111111000000000000000000000000
000000000000000000000000000000000000000000000000000000000000000000000000111111110000000000000000
000000000000000000000000000000000000000000000000000000000000000000000000000000001111111100000000
000000000000000000000000000000000000000000000000000000000000000000000000000000000000000011111111
010011010100110101001101010011010100110101001101000000000000000000000000000000000000000000000000
001010110010101100101011001010110010101100101011000000000000000000000000000000000000000000000000
000101110001011100010111000101110001011100010111000000000000000000000000000000000000000000000000
000000000000000000000000000000000000000000000000010011010100110101001101010011010100110101001101
000000000000000000000000000000000000000000000000001010110010101100101011001010110010101100101011
000000000000000000000000000000000000000000000000000101110001011100010111000101110001011100010111
101010011010011010000010001000011000100000011000101010011010011010000010001000011000100000011000
110010011010110010011001101000000000000000001001110010011010110010011001101000000000000000001001
010010001000010000011000101100011000010010001000010010001000010000011000101100011000010010001000
111000010010001010000010101011001000010000000000111000010010001010000010101011001000010000000000
101000000010010000011110001000010000000000010001101000000010010000011110001000010000000000010001
110010011010000010010000100000010000011000011000110010011010000010010000100000010000011000011000
001000010000101010011010101001100000000010000001001000010000101010011010101001100000000010000001
001000010000101010001000001000010001010000000000001000010000101010001000001000010001010000000000
101010010010011100001010100000011000010010000001101010010010011100001010100000011000010010000001
111010000010111010011010000001010000010110010000111010000010111010011010000001010000010110010000
000000001000010000010010001001000010010010011001000000001000010000010010001001000010010010011001
101000001000100000000000101001010000000000011011101000001000100000000000101001010000000000011011
000000001010011000000000001001000000000010110001000000001010011000000000001001000000000010110001
000000001010101010010000100001000000000010001101000000001010101010010000100001000000000010001101
100010001000111000110000001000010000000010000001100010001000111000110000001000010000000010000001

X checks
111111110000000000000000000000000000000000000000000000000000000000000000000000000000000000000000
000000001111111100000000000000000000000000000000000000000000000000000000000000000000000000000000
000000000000000011111111000000000000000000000000000000000000000000000000000000000000000000000000
000000000000000000000000111111110000000000000000000000000000000000000000000000000000000000000000
000000000000000000000000000000001111111100000000000000000000000000000000000000000000000000000000
000000000000000000000000000000000000000011111111000000000000000000000000000000000000000000000000
000000000000000000000000000000000000000000000000111111110000000000000000000000000000000000000000
000000000000000000000000000000000000000000000000000000001111111100000000000000000000000000000000
000000000000000000000000000000000000000000000000000000000000000011111111000000000000000000000000
000000000000000000000000000000000000000000000000000000000000000000000000111111110000000000000000
000000000000000000000000000000000000000000000000000000000000000000000000000000001111111100000000
000000000000000000000000000000000000000000000000000000000000000000000000000000000000000011111111
110011001100110011001100110011001100110011001100000000000000000000000000000000000000000000000000
101010101010101010101010101010101010101010101010000000000000000000000000000000000000000000000000
100101101001011010010110100101101001011010010110000000000000000000000000000000000000000000000000
000000000000000000000000000000000000000000000000110011001100110011001100110011001100110011001100
000000000000000000000000000000000000000000000000101010101010101010101010101010101010101010101010
000000000000000000000000000000000000000000000000100101101001011010010110100101101001011010010110
000001010011011001000010001000010100100000011000000001010011011001000010001000010100100000011000
000100010110110001011001011000000000000000001001000100010110110001011001011000000000000000001001
000000000001010000011000011100010100010001001000000000000001010000011000011100010100010001001000
000001010010001001000010011011000100010000000000000001010010001001000010011011000100010000000000
000000000111010000011110001000010000000000010001000000000111010000011110001000010000000000010001
000000110011000001010000010000010000011000011000000000110011000001010000010000010000011000011000
000100010000101001011010011001100000000001000001000100010000101001011010011001100000000001000001
000100010000101001001000001000010001010000000000000100010000101001001000001000010001010000000000
000001010111011100001010010000010100010001000001000001010111011100001010010000010100010001000001
000100100111111001011010000001010000010101010000000100100111111001011010000001010000010101010000
000100100001010000010010001001000010010001011001000100100001010000010010001001000010010001011001
000000000001100000000000011001010000000000011011000000000001100000000000011001010000000000011011
000100100011011000000000001001000000000001110001000100100011011000000000001001000000000001110001
000100100011101001010000010001000000000001001101000100100011101001010000010001000000000001001101
000101000001111000110000001000010000000001000001000101000001111000110000001000010000000001000001

