Z checks
111111111111111100000000000000000000000000000000000000000000000000000000000000000000000000000000
000000000000000011111111111111110000000000000000000000000000000000000000000000000000000000000000
000000000000000000000000000000001111111111111111000000000000000000000000000000000000000000000000
000000000000000000000000000000000000000000000000111111111111111100000000000000000000000000000000
000000000000000000000000000000000000000000000000000000000000000011111111111111110000000000000000
000000000000000000000000000000000000000000000000000000000000000000000000000000001111111111111111
100000000111111101111111100000001000000001111111100000000111111101111111100000000111111110000000
010100011101101010101110001001011010111000100101010100011101101001010001110110101010111000100101
001001011100110111011010001100101101101000110010001001011100110100100101110011010010010111001101
001110001111000111000111000011100011100011110001110001110000111000111000111100011100011100001110



X checks
111111111111111100000000000000000000000000000000000000000000000000000000000000000000000000000000
000000000000000011111111111111110000000000000000000000000000000000000000000000000000000000000000
000000000000000000000000000000001111111111111111000000000000000000000000000000000000000000000000
000000000000000000000000000000000000000000000000111111111111111100000000000000000000000000000000
000000000000000000000000000000000000000000000000000000000000000011111111111111110000000000000000
000000000000000000000000000000000000000000000000000000000000000000000000000000001111111111111111
110100011010010100101110010110101101000110100101001011100101101000101110010110100010111001011010
001100110110011011001100100110011100110010011001110011001001100100110011011001100011001101100110
100111010100001101100010101111000110001010111100011000101011110010011101010000110110001010111100
101001011100110001011010001100111010010111001100101001011100110001011010001100111010010111001100
