10000000000000000010000111010100110111001101010011001011000000001000110101101101010010011111110100001001
01000000000000000011000110110010000010011011010110011010101110111010101000010001001011011100010111011011
00100000000000000000000111100110011010010111011011100110111000000010010100101101100100000111110000101110
00010000000000000001000010001111000010011110111111010101100100110100001001000110001010110101100100110101
00001000000000000010000010010100110000101110101000001100111010000110011111001101011110110000001011011000
00000100000000000011000110111110011000101000000001101110100100000000011011011001011010111111100101110010
00000010000000000010000011001001011110110100010111101010110111010001101000010001101000101001000111110000
00000001000000000010000010100001101001001110111111111011000111010001100101010101111100101110001100111110
00000000100000000011000010100110101111111001111000010000011100111010001011001011100011100001011101111101
00000000010000000001000100000110001111110100111011101011101000001101111011010110110001101111100110111000
00000000001000000000000000110111000010101011110010101110111000110000101001011001000101100000010101001101
00000000000100000001000111101010110010111011010010000100111101110000100010111111001111110001001010101000
00000000000010000011000010000101011001001111000101011100111000110010101111101011010001011000111010001010
00000000000001000000000011010000010101000101100000101001110110011001001001100101100101111111000011011110
00000000000000100000000010001000100011110010101100101011111110001100010111111011101110011011110010000110
00000000000000010000000010111110000110101010101001011100101001100111111001110010010101011000111100101100
00000000000000001011000110010101010110000011110100101001010001111010011111000101001110000010101001110111
00000000000000000111000110000100011011000010000000100000001011101100111101010000001001110000111101010111
00000000000000000000100111000101011101010101110000010010110111111111001010011101011100011111111111101010
00000000000000000000010100001110011111110011011001111000001000100001111000111001110101101111011011000010
00000000000000000000001110111101110101101111000010011011000100100100010100011001010101100101101111010110
