1000000000000000000000100100100111001001101000001000011110111010110100100010110111001001011111100010100101110101
0100000000000000000100100011101101111000000110100001001001011100100100010111000110100111010000000000110110110010
0010000000000000000100000000110101000010101100010000001111010100101100010111111111000000110011010101001001111101
0001000000000000100100010010000100011000111100101001001010100100110111001110001100001010010011101000010111110001
0000100000000000100000110111111000001010010010100010110101010010010101000110101110110111010001011111000100011010
0000010000000000000000010101101010101101111001110010001111010011000001101001101110110110110101100001110001010011
0000001000000000100000100001101101110011100110111000011011100011111010011100000000100100011001001111010000110010
0000000100000000100100010010100011111001001001101000011101101101010011100100000111101101001001000111000011110101
0000000010000000000100000011111010011000111010111101100000111000010010001010100101001101100011000000110000100101
0000000001000000000000000011001100001010001111111100110100001010111111110100011101010001100100001000101110000000
0000000000100000000100110001010100010101100001001111110100011100000101100110000111000111010111001111111110111101
0000000000010000100100000011111110010010000101001100010000101110010001110100110111001010010000110001001111101110
0000000000001000100100010110000011010111000011111110111001110111110101001000000101001111011001110011101101011100
0000000000000100100100110111100001101100110101101101110011000101111110000010101101101010110100110001111000011101
0000000000000010100000100100111010010010100101010001001011000111101010001101110000101010100000001011101010001101
0000000000000001100000010010110001110001111011111100100101001010111010111110001110001100111001010000011101100011
0000000000000000010100000111101000001001001101101110101010000110000100111100001011111100010101000110100010000010
0000000000000000001100010011110111011000101000010000110101100011101111000001100111010101110110101010010011010000
0000000000000000000010010101000111001101100011111011111000001111001110011101011011110011011001101100100101001101
0000000000000000000001010110010000101100000111100000001100011100010011110000001010110000101100001001111101111111
0000000000000000000000001100110001000010100110000011100101011000001011100100001010101011111101010101011111010110
