1000000000000000011110100010001000100000000011011001000001110101011101111010011010100111011001100110101010111010010100111010101001010111011000000101110100101111
0100000000000001010000011100010101000000000111011101100110101001000110110011110100011010110111010011111011000001001111100011010111101011011001000011010000001010
0010000000000000011010111011010110000000000010111101011100000100000001111000110001100100100000100101101111010001001100100101010111011101010101001001110001110101
0001000000000001000010111111110000000000000110111000000011100001010001001000001011111001100100111001111000011001110100001110011101110010110100001010100010100011
0000100000000000011110001010100101000000000100111010010011101100111100111000111110010011100111000000010110000111101111001010100111111011110111111110011000111111
0000010000000001011101101111000101100000000001000101111001110011001001100111011111110100111011100101110000000010110111011101010001001011001000001110111111100100
0000001000000001010101011111011011000000000101111110010010100110111110100110110101000111110110001100100000110110111011100101000010100011011111110101010000101000
0000000100000001000101000101110001000000000101011110010101000110100010110010000110011111010011011101101010110101101111000101111001100111100110100000001100001101
0000000010000000001110101111111001000000000101110000011001011101101110011101100000100100110100010010100110010110101101101111101101100101111010011111110101100001
0000000001000001001111011001100111100000000110010000011010101001111000101011100000110011010001110111110011001000000000111101111001110001000101111001010011001001
0000000000100000011011110111101110100000000010001011001011011110010110001110010010100100111111111010001000111000000100111011110111100110100101100111111100100011
0000000000010001001100001010010110000000000111010001100011011110001010101011011001110001100011110000111011110010010000101110101110110111011010001000111101001010
0000000000001000000111001011011100100000000011110000100010111001111111111000100110010101100001000011100011100101011000110100000000100010110100010110111101000010
0000000000000100000010000011000111100000000101001001010010010101100100101001110100101110110011011011001110111010100011110111001111010100010110001101010111000001
0000000000000010001111001100001110000000000110111110100101111110110000100100100110100111100010000001000100100011000100101001011110010100011010101000010110011100
0000000000000000100110110101111101100000000011100011101011100000000011010100111001000001011010101011100101011101101001101000100101000000011110011010010111010011
0000000000000000000000000000000000010000000101010110011000100010110100111001000010010100100110110111000111101000001101010001100101110110000111010111100111110111
0000000000000000000000000000000000001000000111111101010100110011101110100101100011011110110101101100100100011100001011111001010111001101000100111100010100001100
0000000000000000000000000000000000000100000011111110101010011001110111010010110001101111011010110110010010001110000101111100101011100110100010011110001010000110
0000000000000000000000000000000000000010000001111111010101001100111011101001011000110111101101011011001001000111000010111110010101110011010001001111000101000011
0000000000000000000000000000000000000001000000111111101010100110011101110100101100011011110110101101100100100011100001011111001010111001101000100111100010100001
0000000000000000000000000000000000000000100000011111110101010011001110111010010110001101111011010110110010010001110000101111100101011100110100010011110001010000
0000000000000000000000000000000000000000010101011001100010001011010011100100001001010010011011011100011110100000110101000110010111011000011101011110011111011111
0000000000000000000000000000000000000000001010101100110001000101101001110010000100101001001101101110001111010000011010100011001011101100001110101111001111101111
