0000000000000000000000000000000000000000000000000000000000000000000000000000000000000000000000000000000000000000000000000000000000000000000100000000000000000000
0000000000000000000000000000000000000000000000000000000000000000000000000000000000000000000000000000000000000000000000000000000000000000000010000000000000000000
0000000000000000000000000000000000000000000000000000000000000000000000000000000000000000000000000000000000000000000000000000000000000000000001000000000000000000
0000000000000000000000000000000000000000000000000000000000000000000000000000000000000000000000000000000000000000000000000000000000000000000000100000000000000000
1110111011010110001000111000100011010110111011111111010100011101110101101000111110011010100111010011100001101011110001011110010001011011111000010000000000000000
0001100110111101001100100100110010111101100110000000111110010011001111011100100001010111110100111010010001011110001001110001011001110110000000001000000000000000
0000110011011110100110010010011001011110110011000000011111001001100111101110010000101011111010011101001000101111000100111000101100111011000000000100000000000000
0000011001101111010011001001001100101111011001100000001111100100110011110111001000010101111101001110100100010111100010011100010110011101100000000010000000000000
1110110111100001100001011100000101000001010111001111010011101111101100010011011010010000011001110100110011100000000000010000011010010101001000000001000000000000
1111011011110000110000101110000010100000101011100111101001110111110110001001101101001000001100111010011001110000000000001000001101001010100000000000100000000000
1001010110101110010000101111100010000110101110001100100000100110001110101100001000111110100001001110101101010011110001011010010111111110101000000000010000000000
1100101011010111001000010111110001000011010111000110010000010011000111010110000100011111010000100111010110101001111000101101001011111111010000000000001000000000
0000101110111101101100110011011011110111010000011100011100010100010110000011111100010101001111000000001010111111001101001000110100100100010000000000000100000000
1110101100001000111110100001001110101101010011110001011010010111111110101001000000010000000000110011100100110100010111111010001011001001110000000000000010000000
0111010110000100011111010000100111010110101001111000101101001011111111010100100000001000000000011001110010011010001011111101000101100100111000000000000001000000
1101010000010100000111010000110000111101101111000011000010111000001010000010101110011110100111011111011000100110110100100000110011101001100000000000000000100000
1110101000001010000011101000011000011110110111100001100001011100000101000001010111001111010011101111101100010011011010010000011001110100110000000000000000010000
1001101111010011001001001100101111011001100000001111100100110011110111001000010101111101001110100100010111100010011100010110011101100001100000000000000000001000
1100110111101001100100100110010111101100110000000111110010011001111011100100001010111110100111010010001011110001001110001011001110110000110000000000000000000100
0110011011110100110010010011001011110110011000000011111001001100111101110010000101011111010011101001000101111000100111000101100111011000011000000000000000000010
1101110110101100010001110001000110101101110111111110101000111011101011010001111100110101001110100111000011010111100010111100100010110111110000000000000000000001
