100000010001011100010111011111101000000111
010000010001010000010100010000010100111011
001000010001001000010010001000010001001011
000100010001000100010001000100010010110111
000010010000011000000110000010011010001110
000001010000010100000101000001010000101000
000000110000001100000011000000111010011010
000000001001011000000000011010011001011000
000000000101010100000000010101011100001110
000000000011001100000000001100110101010101
000000000000111100000000000011111111111111
000000000000000010010110011010010110100110
000000000000000001010101010101011010101010
000000000000000000110011001100111100110011
000000000000000000001111000011111111000011
000000000000000000000000111111111111111100