100101100111110001101110100000000000100000000000
010111010111011100100000111100010110010000000000
100111101101101010010011011000100110001000000000
001001010100101011111111000110101100000100000000
101110001010110100001100101111010101000010000000
011011100001111000111010000111011010000001000000
111001011011000011011110001010011001000000100000
011100110111001110100110010001111000000000010000
111000100110000111010110111100100101000000001000
010000011101101110000111100111011111000000000100
000001010010110101010011001010110111000000000010
011010011000001110010001011111000000000000000001