110100111110110111010001000110111101100110110000010100101000000000000000
011101111000010110101011100111011010101110000110010001000100000000000000
001001011011000110010110110111101001001010011101010011110010000000000000
010111110100011001011001011001001101011110100000100110000001000000000000
101011111010001100101100101100100110101111010000010011000000100000000000
010101111101000110010110010110010011010111101000001001100000010000000000
001010111110100011001011001011001001101011110100000100110000001000000000
110001100001100110110100100011011001010011001010010110110000000100000000
101011101001001001001000010011010101010010001011000100100000000010000000
010101110100100100100100001001101010101001000101100010010000000001000000
111110000100100101000011000010001000110010010010100101100000000000100000
111000100101011111100010100101000000000100010111001001100000000000010000
011011110101100010110010010110100100011111010101111111100000000000001000
001010011101111100011010001111010110010010110100100100100000000000000100
000010101001110011001110000011101111010100000100001001000000000000000010
100110110011110100100100000101110011110111011100011111110000000000000001