1000000100010111000001100011111101011111001110100011100110101001001001001101
0100000100010100000000000110100101100110010101010101101011110000100011010011
0010000100010010000101000010101101011001010000010101011000101011101110000110
0001000100010001000101000001100000000011001010000000001100100100111000011111
0000100100000110000001010111100001110010000001010010011110000111010111000110
0000010100000101000001010001111000011011000010100001101100101101001110010011
0000001100000011000001100110101000110110000010010011011010010101100101011011
0000000010010110000100010000100100100100000100010100001010010000100101100110
0000000001010101000100010101110000010111011101110010101111001010010101011010
0000000000110011000001100000110000001010011000000000010100110000001100110100
0000000000001111000001100011000000000101000001100101000000000011000011110001
0000000000000000100101100110100101101001011010010110100110010110111111110110
0000000000000000010101010101010101010101010101010101010101010101111111111010
0000000000000000001100110011001100110011001100110011001100110011111111111100
0000000000000000000011110000111100001111000011110000111100001111111111111111
0000000000000000000000001111111100000000000000000000000011111111111111110000
0000000000000000000000000000000011111111000000000000000011111111000000001111
0000000000000000000000000000000000000000111111110000000011111111111111111111
0000000000000000000000000000000000000000000000001111111111111111111111111111
