000011001111010100101001010010110001000100000001111101000011011000000000000000
011001100110010010001000101000010000100011001001001011000110110100000000000000
110100110010110001011000010101000000010000101101010000000100000010000000000000
000001010111110100011001011001011001001101011110100000100110000001000000000000
100000101011111010001100101100101100100110101111010000010011000000100000000000
110000010101111101000110010110010110010011010111101000001001100000010000000000
111000001010111110100011001011001011001001101011110100000100110000001000000000
011111001010001011111000110111010100100000110100000111000001000000000100000000
110100101011101001001001001000010011010101010010001011000100100000000010000000
111010010101110100100100100100001001101010101001000101100010010000000001000000
011110000101101110111011000000110101110001010101011111110010010000000000100000
110111000011001111000001100001010010111001100011011010011110010000000000010000
100011100000011111111100110001100001011101111000011000101000010000000000001000
001001110001110111100010011001111000101111110101111001110011010000000000000100
011100111001000011101101001101110100010110110011001001011110110000000000000010
110110011101011001101010100111110010001010010000010001001000000000000000000001
