100001001010001001100011010001110010011001001100011111111100000001001011010100
010001001011000000000101110010100000101000100111100111001101000000001000100111
001001001000010010100101100010110101010000111101000100101000000011000011110111
000101000010010011000110101011111110010100000110010011100001000001000101101010
000011000001001011100111001001101000101001010011110011010101000001001000111010
000000101011011010010111100000001100111001111000110110001010000001000010011001
000000011001010000010111001000111011101001001011000111111000000100000000100001
000000000111001001010011101010100101001000101000101010111111000011001110111100
000000000000111000110001011001111100100100010111100110011000000011000110100110
000000000000000111110000111000011100011100001110011110000110000111000111000100
000000000000000000001111111000000011111100000001111110000001000111000000101101
000000000000000000000000000111111111111100000000000001111111000111000000011100
000000000000000000000000000000000000000011111111111111111111000111000000000011
000000000000000000000000000000000000000000000000000000000000100000000000000000
000000000000000000000000000000000000000000000000000000000000010000000000000000
000000000000000000000000000000000000000000000000000000000000001000000000000000
000000000000000000000000000000000000000000000000000000000000000000100000000000
000000000000000000000000000000000000000000000000000000000000000000011111111111
