00101100110000001111110011011000100000001011100010011001011010000000000000000000
00110100111011110110000000001010100100100100111110010100011001110000000000000000
11111011011001001011110110000111110110000010100101010001001001101000000000000000
00011100101101001101111010101010001101010010000110100011110101100100000000000000
01011101001110000011001000110001100110110101110110000001101100000010000000000000
00010110011110111001001011101011000111110000110010011001000101100001000000000000
10110100011001111101111111110101011100010001010101100000100100000000100000000000
01100111010011101010111111110000101111010001011101101001101101000000010000000000
00001000110111100011100111011100011101010010111010101000001001100000001000000000
01011100111011000011101001001100011100100000100110111010010000100000000100000000
01100001001000101001010110101000001111111010100001000100001000100000000010000000
11001010110010110101100111110001010010100000001110110001100100100000000001000000
11010101011101101111100110110111010010001000010100101100101101000000000000100000
01001101001110000001100101011110100011010101101011011010111000100000000000010000
01010100000101100011110001011001010010101010101000001010010100000000000000001000
10001000110110110110101010010000100000110110101001101000110101100000000000000100
10001110010010001110111111001110101110011110001111011101010000100000000000000010
10101101011110100100011011111000100011110010001110111111110001000000000000000001
