100000010001011100000110001111110101111100111010001110011010100101000010100101110101011000
010000010001010000000000011010010110011001010101010110101111000000011011001001100110001011
001000010001001000010100001010110101100101000001010101100010101100101110000101011000101101
000100010001000100010100000110000000001100101000000000110010010001111000001011010011110001
000010010000011000000101011110000111001000000101001001111000011101011100110101000110101001
000001010000010100000101000111100001101100001010000110110010110100110110000011011100000111
000000110000001100000110011010100011011000001001001101101001010101100101110000111001111000
000000001001011000010001000010010010010000010001010000101001000001101001010100100010011111
000000000101010100010001010111000001011101110111001010111100101001010101010011010011101000
000000000011001100000110000011000000101001100000000001010011000000110011011101111110111001
000000000000111100000110001100000000010100000110010100000000001100001111000001001011101000
000000000000000010010110011010010110100101101001011010011001011000000000100011001100011101
000000000000000001010101010101010101010101010101010101010101010100000000010010100010010001
000000000000000000110011001100110011001100110011001100110011001100000000001001100001001000
000000000000000000001111000011110000111100001111000011110000111100000000000111101000111100
000000000000000000000000111111110000000000000000000000001111111100000000111111111111111100
000000000000000000000000000000001111111100000000000000001111111100000000111111111000000011
000000000000000000000000000000000000000011111111000000001111111100000000000000011000000111
000000000000000000000000000000000000000000000000111111111111111100000000000000000111111111
000000000000000000000000000000000000000000000000000000000000000011111111111111111111111100
