11111111000000001001100100001111010110101001100110100101111100000000000000000000000000000000
00110011110011001111000000110011010101010000111110101010110011000000000000000000000000000000
01100110100110010101101010101010011010010101101010010110101010100000000000000000000000000000
01010101101010101100110001101001100110010011001101100110011010010000000000000000000000000000
10101010011010010110100100001111110011001111000001101001000000001100001111011000000000000000
11010100010011011001100101011010010101011010010110011001000000001011001010110100000000000000
10000001101111011011110110100000001000010001100010000100101000001110100000000010000000000000
01110010110110000011001101100110000011111001100111001100000000000001101111100001000000000000
01110010101111100111111001101100010010001101010010111000101000001000001001110000100000000000
00011101010001111100100111101110010011101001110000100111100010001011100001100000010000000000
11111001011000000010100001110001110011110010100000000011111010000011010110100000001000000000
10010110000000001011101100000110001001000100010010111101011000000110100111000000000100000000
00001010100100111011100010110001001101011011011100000110001010001010111111110000000010000000
01110111000100010000110000100001111000011100111100101101010010000001111000110000000001000000
11110000001111000101110000000011001101101100010100111001110000001100110001010000000000100000
00000000011001101011001011110101101110000100110110001011101000000110011010010000000000010000
11000011001111000000000011111111000000001111111111111111000000001111111100000000000000001000
00111100110000110000000011111111000000001111111111111111000000000000000000000000000000000100
11111111111111111111111100000000111111111111111111111111000000001111111100000000000000000010
00000000000000000000000000000000111111110000000011111111000000001111111100000000000000000001
